Model run by geojch using Apollo 0.3.4 on R 4.4.1 for Windows.
Please acknowledge the use of Apollo by citing Hess & Palma (2019)
  DOI 10.1016/j.jocm.2019.100170
  www.ApolloChoiceModelling.com

Model name                                  : gs_mnl_03
Model description                           : Simple MNL on Gender safety data
Model run at                                : 2025-01-07 16:18:18.64721
Estimation method                           : bgw
Model diagnosis                             : Relative function convergence
Optimisation diagnosis                      : Maximum found
     hessian properties                     : Negative definite
     maximum eigenvalue                     : -0.551482
     reciprocal of condition number         : 3.05391e-07
Number of individuals                       : 511
Number of rows in database                  : 1533
Number of modelled outcomes                 : 1533

Number of cores used                        :  1 
Model without mixing

LL(start)                                   : -1684.17
LL at equal shares, LL(0)                   : -1684.17
LL at observed shares, LL(C)                : -1257.07
LL(final)                                   : -1144.85
Rho-squared vs equal shares                  :  0.3202 
Adj.Rho-squared vs equal shares              :  0.306 
Rho-squared vs observed shares               :  0.0893 
Adj.Rho-squared vs observed shares           :  0.0718 
AIC                                         :  2337.69 
BIC                                         :  2465.73 

Estimated parameters                        : 24
Time taken (hh:mm:ss)                       :  00:00:2.44 
     pre-estimation                         :  00:00:0.64 
     estimation                             :  00:00:0.3 
     post-estimation                        :  00:00:1.5 
Iterations                                  :  13  

Unconstrained optimisation.

Estimates:
              Estimate        s.e.   t.rat.(0)    Rob.s.e. Rob.t.rat.(0)
asc_bus       0.000000          NA          NA          NA            NA
asc_metro     0.567137     0.97732     0.58030     1.20153       0.47201
asc_others   -0.364830     0.91534    -0.39857     0.95644      -0.38145
bAT           0.007557     0.02629     0.28748     0.02573       0.29371
bWT          -0.086096     0.02602    -3.30924     0.02238      -3.84654
bTT           0.017096     0.01213     1.40972     0.01290       1.32498
bTC           0.084018     0.02534     3.31535     0.02970       2.82889
bCro         -0.527630     0.28254    -1.86748     0.30987      -1.70275
bWaitEnv1     1.212890     0.30229     4.01230     0.33228       3.65015
bWaitEnv2     2.900385     0.48647     5.96216     0.38554       7.52291
bStop1       -1.065942     0.44521    -2.39424     0.43085      -2.47402
bStop2       -0.813972     0.39899    -2.04007     0.42425      -1.91861
bSafety1      1.490090     0.32652     4.56360     0.27604       5.39807
bSafety2      1.728077     0.47577     3.63218     0.36044       4.79430
mAT          -0.026008     0.03002    -0.86647     0.02559      -1.01653
mWT          -0.003530     0.05505    -0.06412     0.04707      -0.07500
mTT           0.023490     0.01221     1.92364     0.01282       1.83252
mTC           0.030161     0.01202     2.50972     0.01245       2.42169
mCro          0.290454     0.27234     1.06650     0.30411       0.95511
mWaitEnv1     0.417240     0.37243     1.12032     0.33437       1.24783
mWaitEnv2    -1.592197     0.28809    -5.52666     0.32355      -4.92107
mStop1        1.754865     0.31159     5.63198     0.30014       5.84678
mStop2        0.752446     0.23167     3.24789     0.22559       3.33546
mSafety1      0.337843     0.27810     1.21484     0.26206       1.28917
mSafety2      0.616503     0.29012     2.12496     0.25625       2.40582


Overview of choices for MNL model component :
                                     bus   metro  others
Times available                  1533.00 1533.00 1533.00
Times chosen                      575.00  891.00   67.00
Percentage chosen overall          37.51   58.12    4.37
Percentage chosen when available   37.51   58.12    4.37



Classical covariance matrix:
             asc_metro  asc_others         bAT         bWT         bTT         bTC
asc_metro     0.955148    0.701884    0.015074    0.008309  9.7658e-04    0.006900
asc_others    0.701884    0.837843    0.018370    0.014886    0.001009    0.007829
bAT           0.015074    0.018370  6.9104e-04  4.3934e-04 -1.6030e-04  4.2616e-04
bWT           0.008309    0.014886  4.3934e-04  6.7687e-04  -8.422e-05  1.6987e-04
bTT         9.7658e-04    0.001009 -1.6030e-04  -8.422e-05  1.4706e-04 -1.9713e-04
bTC           0.006900    0.007829  4.2616e-04  1.6987e-04 -1.9713e-04  6.4223e-04
bCro          0.031084   -0.009524   -0.002536   -0.002904    0.001847   -0.003774
bWaitEnv1    -0.096565   -0.075191   -0.003695   -0.001719    0.001007   -0.001460
bWaitEnv2    -0.092121   -0.168532   -0.007716   -0.006421    0.002484   -0.004925
bStop1        0.188947    0.204924    0.007591    0.003414   -0.001731    0.003937
bStop2        0.192337    0.185384    0.004675    0.003048 -3.0341e-04    0.001409
bSafety1      0.042887    0.032675 -3.3102e-04 -4.9261e-04  5.4019e-04   -0.001159
bSafety2      0.044682   2.704e-05   -0.002953   -0.001546    0.001222 -2.7750e-04
mAT        -9.0264e-04    0.007078  3.5906e-04  1.8076e-04  -9.786e-05  1.4456e-04
mWT          -0.006256   -0.006458   1.732e-05  -5.801e-05  -8.169e-05   4.753e-05
mTT          -0.002193  6.1790e-04  -4.315e-05   3.494e-05   4.986e-05  -7.871e-05
mTC         -9.850e-05    0.004136   7.755e-05   8.591e-05   2.978e-06   9.706e-05
mCro         -0.103474   -0.046470 -2.1061e-04    0.001328 -8.5066e-04    0.001049
mWaitEnv1    -0.086875   -0.162613   -0.005111   -0.005184  8.6665e-04   -0.002317
mWaitEnv2    -0.024041   -0.009041 -7.5050e-04    0.001144  3.7260e-04   -0.002747
mStop1        0.024619    0.005499   -0.001557   -0.001247  8.5775e-04  2.1583e-04
mStop2       -0.097632   -0.086283   -0.001456   -0.001894 -4.5709e-04  3.9958e-04
mSafety1     -0.034471    0.013100 -2.4124e-04    0.001935  1.7670e-04  5.2317e-04
mSafety2      0.044822    0.077289    0.002757    0.001262 -7.0957e-04    0.002534
                  bCro   bWaitEnv1   bWaitEnv2      bStop1      bStop2    bSafety1
asc_metro     0.031084   -0.096565   -0.092121    0.188947    0.192337    0.042887
asc_others   -0.009524   -0.075191   -0.168532    0.204924    0.185384    0.032675
bAT          -0.002536   -0.003695   -0.007716    0.007591    0.004675 -3.3102e-04
bWT          -0.002904   -0.001719   -0.006421    0.003414    0.003048 -4.9261e-04
bTT           0.001847    0.001007    0.002484   -0.001731 -3.0341e-04  5.4019e-04
bTC          -0.003774   -0.001460   -0.004925    0.003937    0.001409   -0.001159
bCro          0.079826   -0.019338    0.001554    0.026938    0.044357   -0.023992
bWaitEnv1    -0.019338    0.091381    0.077590   -0.097574   -0.074363    0.037759
bWaitEnv2     0.001554    0.077590    0.236649   -0.151655   -0.118765    0.087547
bStop1        0.026938   -0.097574   -0.151655    0.198213    0.144100   -0.073481
bStop2        0.044357   -0.074363   -0.118765    0.144100    0.159195   -0.069427
bSafety1     -0.023992    0.037759    0.087547   -0.073481   -0.069427    0.106613
bSafety2     -0.048662    0.088209    0.143091   -0.142631   -0.107309    0.116757
mAT        -5.1826e-04   -0.002782   -0.006272    0.006826    0.001582 -7.6042e-04
mWT           0.004233   -0.008407   -0.003454    0.008539    0.008481   -0.009383
mTT        -7.8872e-04    0.001844    0.001634   -0.003048   -0.002593    0.002319
mTC        -9.9693e-04    0.001233 -3.8214e-04 -3.1516e-04 -2.3340e-04  6.2576e-04
mCro         -0.052361    0.037920    0.006730   -0.058832   -0.062051    0.034479
mWaitEnv1     0.028357   -0.010898    0.077944   -0.018211   -0.010567   -0.024689
mWaitEnv2     0.032989   -0.041445   -0.044806    0.048952    0.062542   -0.050087
mStop1       -0.003429    0.057318    0.030887   -0.043762   -0.011576    0.009368
mStop2       -0.014534    0.022956    0.032607   -0.021050   -0.044226    0.004248
mSafety1   -2.5751e-04    0.014560   -0.036291  6.3191e-04    0.031711   -0.045841
mSafety2      0.013361   -0.031937   -0.070909    0.081899    0.081116   -0.055283
              bSafety2         mAT         mWT         mTT         mTC        mCro
asc_metro     0.044682 -9.0264e-04   -0.006256   -0.002193  -9.850e-05   -0.103474
asc_others   2.704e-05    0.007078   -0.006458  6.1790e-04    0.004136   -0.046470
bAT          -0.002953  3.5906e-04   1.732e-05  -4.315e-05   7.755e-05 -2.1061e-04
bWT          -0.001546  1.8076e-04  -5.801e-05   3.494e-05   8.591e-05    0.001328
bTT           0.001222  -9.786e-05  -8.169e-05   4.986e-05   2.978e-06 -8.5066e-04
bTC        -2.7750e-04  1.4456e-04   4.753e-05  -7.871e-05   9.706e-05    0.001049
bCro         -0.048662 -5.1826e-04    0.004233 -7.8872e-04 -9.9693e-04   -0.052361
bWaitEnv1     0.088209   -0.002782   -0.008407    0.001844    0.001233    0.037920
bWaitEnv2     0.143091   -0.006272   -0.003454    0.001634 -3.8214e-04    0.006730
bStop1       -0.142631    0.006826    0.008539   -0.003048 -3.1516e-04   -0.058832
bStop2       -0.107309    0.001582    0.008481   -0.002593 -2.3340e-04   -0.062051
bSafety1      0.116757 -7.6042e-04   -0.009383    0.002319  6.2576e-04    0.034479
bSafety2      0.226356   -0.006514   -0.015981    0.002640    0.002146    0.052517
mAT          -0.006514  9.0096e-04  -2.739e-05  -1.496e-05   1.291e-05 -1.4351e-04
mWT          -0.015981  -2.739e-05    0.003031 -3.9462e-04 -2.8566e-04   -0.007405
mTT           0.002640  -1.496e-05 -3.9462e-04  1.4912e-04   3.965e-05    0.002067
mTC           0.002146   1.291e-05 -2.8566e-04   3.965e-05  1.4443e-04  8.8016e-04
mCro          0.052517 -1.4351e-04   -0.007405    0.002067  8.8016e-04    0.074171
mWaitEnv1    -0.001185   -0.003346    0.004464   -0.001800   -0.001001   -0.036490
mWaitEnv2    -0.071573 -1.2039e-04    0.007894   -0.001681   -0.001002   -0.034790
mStop1        0.067470   -0.003483   -0.006601   4.881e-05    0.001313    0.001245
mStop2        0.014771    0.001228   -0.001861 -3.3630e-04  1.7880e-04    0.005969
mSafety1     -0.022318   -0.002742    0.003014 -4.4793e-04  7.9104e-04   -0.001928
mSafety2     -0.070760    0.001221    0.008275   -0.002291  2.6241e-04   -0.034640
             mWaitEnv1   mWaitEnv2      mStop1      mStop2    mSafety1    mSafety2
asc_metro    -0.086875   -0.024041    0.024619   -0.097632   -0.034471    0.044822
asc_others   -0.162613   -0.009041    0.005499   -0.086283    0.013100    0.077289
bAT          -0.005111 -7.5050e-04   -0.001557   -0.001456 -2.4124e-04    0.002757
bWT          -0.005184    0.001144   -0.001247   -0.001894    0.001935    0.001262
bTT         8.6665e-04  3.7260e-04  8.5775e-04 -4.5709e-04  1.7670e-04 -7.0957e-04
bTC          -0.002317   -0.002747  2.1583e-04  3.9958e-04  5.2317e-04    0.002534
bCro          0.028357    0.032989   -0.003429   -0.014534 -2.5751e-04    0.013361
bWaitEnv1    -0.010898   -0.041445    0.057318    0.022956    0.014560   -0.031937
bWaitEnv2     0.077944   -0.044806    0.030887    0.032607   -0.036291   -0.070909
bStop1       -0.018211    0.048952   -0.043762   -0.021050  6.3191e-04    0.081899
bStop2       -0.010567    0.062542   -0.011576   -0.044226    0.031711    0.081116
bSafety1     -0.024689   -0.050087    0.009368    0.004248   -0.045841   -0.055283
bSafety2     -0.001185   -0.071573    0.067470    0.014771   -0.022318   -0.070760
mAT          -0.003346 -1.2039e-04   -0.003483    0.001228   -0.002742    0.001221
mWT           0.004464    0.007894   -0.006601   -0.001861    0.003014    0.008275
mTT          -0.001800   -0.001681   4.881e-05 -3.3630e-04 -4.4793e-04   -0.002291
mTC          -0.001001   -0.001002    0.001313  1.7880e-04  7.9104e-04  2.6241e-04
mCro         -0.036490   -0.034790    0.001245    0.005969   -0.001928   -0.034640
mWaitEnv1     0.138704    0.034673   8.837e-05    0.027098   -0.008726  3.1063e-04
mWaitEnv2     0.034673    0.082998   -0.022112   -0.013341    0.025154    0.036604
mStop1       8.837e-05   -0.022112    0.097088    0.023060    0.029112    0.009732
mStop2        0.027098   -0.013341    0.023060    0.053672   -0.011171   -0.003722
mSafety1     -0.008726    0.025154    0.029112   -0.011171    0.077337    0.040516
mSafety2    3.1063e-04    0.036604    0.009732   -0.003722    0.040516    0.084172

Robust covariance matrix:
             asc_metro  asc_others         bAT         bWT         bTT         bTC
asc_metro     1.443682    0.990109    0.020865    0.008286    0.001940    0.008013
asc_others    0.990109    0.914772    0.019365    0.009671    0.002270    0.008512
bAT           0.020865    0.019365  6.6206e-04  2.9918e-04 -1.2852e-04  4.6420e-04
bWT           0.008286    0.009671  2.9918e-04  5.0098e-04  -8.086e-05  1.5221e-04
bTT           0.001940    0.002270 -1.2852e-04  -8.086e-05  1.6647e-04 -2.4222e-04
bTC           0.008013    0.008512  4.6420e-04  1.5221e-04 -2.4222e-04  8.8210e-04
bCro          0.123943    0.059344   -0.001020   -0.002518    0.002363   -0.004980
bWaitEnv1    -0.202539   -0.117290   -0.003497   -0.001259  1.9631e-04  2.0246e-04
bWaitEnv2    -0.124798   -0.097019   -0.005218   -0.003168    0.002040   -0.004306
bStop1        0.354162    0.256985    0.007577    0.001981 -9.2807e-04    0.003089
bStop2        0.368342    0.247931    0.005529    0.001966  4.7903e-04  1.5935e-04
bSafety1      0.037316    0.038915  1.6262e-04 -5.0985e-04  4.6459e-04   -0.001097
bSafety2      0.004531    0.018579 -8.3895e-04   9.837e-05  1.3124e-04    0.002287
mAT        -7.6032e-04    0.003795  1.8298e-04   4.600e-06  -5.310e-05   8.864e-05
mWT           0.004000 -5.9174e-04  1.1571e-04   2.967e-05  -5.531e-05  -1.368e-05
mTT          -0.006948   -0.002653 -1.1016e-04  -4.311e-05   5.680e-05  -9.247e-05
mTC        -8.5054e-04    0.003377  1.0809e-04   5.707e-05  -2.303e-05  1.8435e-04
mCro         -0.261230   -0.158138   -0.002340  4.7567e-04   -0.001330    0.001582
mWaitEnv1     0.018590   -0.031878   -0.002541   -0.001296  9.3728e-04   -0.003028
mWaitEnv2     0.053140    0.019548 -7.7160e-04    0.001291  9.7863e-04   -0.005271
mStop1       -0.008216    0.008644   -0.001068 -5.5864e-04  6.6202e-04    0.001202
mStop2       -0.140225   -0.079754   -0.001798 -9.4344e-04 -3.5337e-04  9.3432e-04
mSafety1     -0.073630   -0.030845 -5.8910e-04    0.001528 -2.0852e-04  9.2286e-04
mSafety2      0.114373    0.105169    0.003050  6.7945e-04 -2.6288e-04    0.002437
                  bCro   bWaitEnv1   bWaitEnv2      bStop1      bStop2    bSafety1
asc_metro     0.123943   -0.202539   -0.124798    0.354162    0.368342    0.037316
asc_others    0.059344   -0.117290   -0.097019    0.256985    0.247931    0.038915
bAT          -0.001020   -0.003497   -0.005218    0.007577    0.005529  1.6262e-04
bWT          -0.002518   -0.001259   -0.003168    0.001981    0.001966 -5.0985e-04
bTT           0.002363  1.9631e-04    0.002040 -9.2807e-04  4.7903e-04  4.6459e-04
bTC          -0.004980  2.0246e-04   -0.004306    0.003089  1.5935e-04   -0.001097
bCro          0.096020   -0.051385   -0.011773    0.053083    0.069366   -0.006638
bWaitEnv1    -0.051385    0.110413    0.078645   -0.108106   -0.102949    0.029002
bWaitEnv2    -0.011773    0.078645    0.148641   -0.103518   -0.081414    0.046340
bStop1        0.053083   -0.108106   -0.103518    0.185635    0.154358   -0.031097
bStop2        0.069366   -0.102949   -0.081414    0.154358    0.179989   -0.038408
bSafety1     -0.006638    0.029002    0.046340   -0.031097   -0.038408    0.076199
bSafety2     -0.052975    0.076900    0.075078   -0.077232   -0.070984    0.053873
mAT        -5.9956e-04  -7.998e-05   -0.001131    0.002925   -0.001244    0.002234
mWT           0.003632   -0.007825   -0.003809    0.005952    0.007237   -0.005611
mTT        -6.6092e-04    0.002532    0.001898   -0.003493   -0.003331    0.001658
mTC          -0.001294    0.001242 -4.0028e-04  -8.136e-05 -6.0143e-04 -1.6096e-04
mCro         -0.068073    0.065959    0.022883   -0.090327   -0.103710    0.013624
mWaitEnv1     0.034885   -0.040604    0.011974    0.024581    0.042490   -0.035467
mWaitEnv2     0.050289   -0.064325   -0.027277    0.048476    0.074861   -0.033611
mStop1       -0.023476    0.058267    0.035848   -0.038994   -0.020687    0.005463
mStop2       -0.032255    0.041814    0.028232   -0.038424   -0.057424    0.002987
mSafety1     -0.023913    0.023768    0.004018   -0.029585 -4.5792e-04   -0.035978
mSafety2      0.012620   -0.030330   -0.031662    0.060683    0.068323   -0.028014
              bSafety2         mAT         mWT         mTT         mTC        mCro
asc_metro     0.004531 -7.6032e-04    0.004000   -0.006948 -8.5054e-04   -0.261230
asc_others    0.018579    0.003795 -5.9174e-04   -0.002653    0.003377   -0.158138
bAT        -8.3895e-04  1.8298e-04  1.1571e-04 -1.1016e-04  1.0809e-04   -0.002340
bWT          9.837e-05   4.600e-06   2.967e-05  -4.311e-05   5.707e-05  4.7567e-04
bTT         1.3124e-04  -5.310e-05  -5.531e-05   5.680e-05  -2.303e-05   -0.001330
bTC           0.002287   8.864e-05  -1.368e-05  -9.247e-05  1.8435e-04    0.001582
bCro         -0.052975 -5.9956e-04    0.003632 -6.6092e-04   -0.001294   -0.068073
bWaitEnv1     0.076900  -7.998e-05   -0.007825    0.002532    0.001242    0.065959
bWaitEnv2     0.075078   -0.001131   -0.003809    0.001898 -4.0028e-04    0.022883
bStop1       -0.077232    0.002925    0.005952   -0.003493  -8.136e-05   -0.090327
bStop2       -0.070984   -0.001244    0.007237   -0.003331 -6.0143e-04   -0.103710
bSafety1      0.053873    0.002234   -0.005611    0.001658 -1.6096e-04    0.013624
bSafety2      0.129920 -8.9630e-04   -0.010476    0.001492    0.001738    0.041522
mAT        -8.9630e-04  6.5460e-04 -3.2858e-04   5.346e-05   3.918e-05  6.1277e-04
mWT          -0.010476 -3.2858e-04    0.002216 -3.2704e-04 -2.2693e-04   -0.005692
mTT           0.001492   5.346e-05 -3.2704e-04  1.6431e-04   2.319e-05    0.002285
mTC           0.001738   3.918e-05 -2.2693e-04   2.319e-05  1.5512e-04    0.001065
mCro          0.041522  6.1277e-04   -0.005692    0.002285    0.001065    0.092480
mWaitEnv1    -0.027771   -0.002669    0.003120   -0.002035   -0.001033   -0.039415
mWaitEnv2    -0.062388   -0.002359    0.006974   -0.001895   -0.001579   -0.050034
mStop1        0.059882   -0.001601   -0.005866  3.7769e-04    0.001242    0.009040
mStop2        0.026725    0.001403   -0.003338  5.0304e-04  5.8988e-04    0.030945
mSafety1     2.454e-05   -0.003899    0.003036 -2.6759e-04  7.5709e-04    0.014353
mSafety2     -0.027407   -0.001071    0.006453   -0.001944  4.9946e-04   -0.042014
             mWaitEnv1   mWaitEnv2      mStop1      mStop2    mSafety1    mSafety2
asc_metro     0.018590    0.053140   -0.008216   -0.140225   -0.073630    0.114373
asc_others   -0.031878    0.019548    0.008644   -0.079754   -0.030845    0.105169
bAT          -0.002541 -7.7160e-04   -0.001068   -0.001798 -5.8910e-04    0.003050
bWT          -0.001296    0.001291 -5.5864e-04 -9.4344e-04    0.001528  6.7945e-04
bTT         9.3728e-04  9.7863e-04  6.6202e-04 -3.5337e-04 -2.0852e-04 -2.6288e-04
bTC          -0.003028   -0.005271    0.001202  9.3432e-04  9.2286e-04    0.002437
bCro          0.034885    0.050289   -0.023476   -0.032255   -0.023913    0.012620
bWaitEnv1    -0.040604   -0.064325    0.058267    0.041814    0.023768   -0.030330
bWaitEnv2     0.011974   -0.027277    0.035848    0.028232    0.004018   -0.031662
bStop1        0.024581    0.048476   -0.038994   -0.038424   -0.029585    0.060683
bStop2        0.042490    0.074861   -0.020687   -0.057424 -4.5792e-04    0.068323
bSafety1     -0.035467   -0.033611    0.005463    0.002987   -0.035978   -0.028014
bSafety2     -0.027771   -0.062388    0.059882    0.026725   2.454e-05   -0.027407
mAT          -0.002669   -0.002359   -0.001601    0.001403   -0.003899   -0.001071
mWT           0.003120    0.006974   -0.005866   -0.003338    0.003036    0.006453
mTT          -0.002035   -0.001895  3.7769e-04  5.0304e-04 -2.6759e-04   -0.001944
mTC          -0.001033   -0.001579    0.001242  5.8988e-04  7.5709e-04  4.9946e-04
mCro         -0.039415   -0.050034    0.009040    0.030945    0.014353   -0.042014
mWaitEnv1     0.111805    0.068610   -0.002978    0.003762    0.005211    0.014047
mWaitEnv2     0.068610    0.104683   -0.030604   -0.025233    0.010933    0.023720
mStop1       -0.002978   -0.030604    0.090085    0.035932    0.028343    0.013529
mStop2        0.003762   -0.025233    0.035932    0.050891    0.005451   -0.005768
mSafety1      0.005211    0.010933    0.028343    0.005451    0.068677    0.026142
mSafety2      0.014047    0.023720    0.013529   -0.005768    0.026142    0.065667

Classical correlation matrix:
             asc_metro  asc_others         bAT         bWT         bTT         bTC
asc_metro     1.000000     0.78460     0.58672     0.32678     0.08240     0.27857
asc_others    0.784600     1.00000     0.76343     0.62507     0.09089     0.33750
bAT           0.586719     0.76343     1.00000     0.64238    -0.50285     0.63970
bWT           0.326783     0.62507     0.64238     1.00000    -0.26695     0.25764
bTT           0.082400     0.09089    -0.50285    -0.26695     1.00000    -0.64143
bTC           0.278573     0.33750     0.63970     0.25764    -0.64143     1.00000
bCro          0.112570    -0.03683    -0.34145    -0.39503     0.53901    -0.52714
bWaitEnv1    -0.326857    -0.27174    -0.46493    -0.21860     0.27465    -0.19058
bWaitEnv2    -0.193762    -0.37848    -0.60337    -0.50736     0.42106    -0.39947
bStop1        0.434250     0.50286     0.64859     0.29475    -0.32060     0.34893
bStop2        0.493245     0.50761     0.44570     0.29366    -0.06271     0.13933
bSafety1      0.134397     0.10933    -0.03857    -0.05799     0.13642    -0.14004
bSafety2      0.096095   6.208e-05    -0.23609    -0.12494     0.21175    -0.02302
mAT          -0.030770     0.25760     0.45505     0.23147    -0.26885     0.19004
mWT          -0.116282    -0.12815     0.01197    -0.04050    -0.12236     0.03407
mTT          -0.183750     0.05528    -0.13443     0.10998     0.33667    -0.25436
mTC          -0.008386     0.37595     0.24547     0.27477     0.02044     0.31868
mCro         -0.388755    -0.18641    -0.02942     0.18745    -0.25757     0.15206
mWaitEnv1    -0.238679    -0.47701    -0.52210    -0.53501     0.19189    -0.24548
mWaitEnv2    -0.085386    -0.03429    -0.09910     0.15262     0.10665    -0.37629
mStop1        0.080846     0.01928    -0.19007    -0.15383     0.22700     0.02733
mStop2       -0.431202    -0.40688    -0.23903    -0.31424    -0.16270     0.06806
mSafety1     -0.126832     0.05146    -0.03300     0.26742     0.05240     0.07423
mSafety2      0.158076     0.29104     0.36149     0.16718    -0.20168     0.34472
                  bCro   bWaitEnv1   bWaitEnv2      bStop1      bStop2    bSafety1
asc_metro     0.112570    -0.32686    -0.19376    0.434250     0.49324     0.13440
asc_others   -0.036827    -0.27174    -0.37848    0.502858     0.50761     0.10933
bAT          -0.341446    -0.46493    -0.60337    0.648591     0.44570    -0.03857
bWT          -0.395028    -0.21860    -0.50736    0.294751     0.29366    -0.05799
bTT           0.539006     0.27465     0.42106   -0.320603    -0.06271     0.13642
bTC          -0.527143    -0.19058    -0.39947    0.348930     0.13933    -0.14004
bCro          1.000000    -0.22642     0.01131    0.214152     0.39348    -0.26006
bWaitEnv1    -0.226418     1.00000     0.52763   -0.725007    -0.61655     0.38255
bWaitEnv2     0.011309     0.52763     1.00000   -0.700227    -0.61189     0.55117
bStop1        0.214152    -0.72501    -0.70023    1.000000     0.81121    -0.50548
bStop2        0.393479    -0.61655    -0.61189    0.811207     1.00000    -0.53292
bSafety1     -0.260064     0.38255     0.55117   -0.505482    -0.53292     1.00000
bSafety2     -0.362011     0.61332     0.61825   -0.673366    -0.56530     0.75159
mAT          -0.061111    -0.30662    -0.42957    0.510776     0.13213    -0.07759
mWT           0.272157    -0.50519    -0.12898    0.348371     0.38610    -0.52201
mTT          -0.228606     0.49949     0.27499   -0.560613    -0.53217     0.58168
mTC          -0.293609     0.33953    -0.06537   -0.058904    -0.04868     0.15947
mCro         -0.680482     0.46060     0.05080   -0.485206    -0.57104     0.38773
mWaitEnv1     0.269490    -0.09680     0.43021   -0.109830    -0.07111    -0.20303
mWaitEnv2     0.405288    -0.47589    -0.31971    0.381652     0.54409    -0.53246
mStop1       -0.038947     0.60853     0.20377   -0.315461    -0.09311     0.09208
mStop2       -0.222037     0.32779     0.28933   -0.204088    -0.47845     0.05615
mSafety1     -0.003277     0.17320    -0.26826    0.005104     0.28579    -0.50484
mSafety2      0.162995    -0.36415    -0.50241    0.634058     0.70074    -0.58358
              bSafety2         mAT         mWT         mTT         mTC        mCro
asc_metro     0.096095    -0.03077    -0.11628    -0.18375   -0.008386    -0.38875
asc_others   6.208e-05     0.25760    -0.12815     0.05528    0.375953    -0.18641
bAT          -0.236087     0.45505     0.01197    -0.13443    0.245468    -0.02942
bWT          -0.124936     0.23147    -0.04050     0.10998    0.274767     0.18745
bTT           0.211752    -0.26885    -0.12236     0.33667    0.020436    -0.25757
bTC          -0.023016     0.19004     0.03407    -0.25436    0.318678     0.15206
bCro         -0.362011    -0.06111     0.27216    -0.22861   -0.293609    -0.68048
bWaitEnv1     0.613322    -0.30662    -0.50519     0.49949    0.339532     0.46060
bWaitEnv2     0.618251    -0.42957    -0.12898     0.27499   -0.065366     0.05080
bStop1       -0.673366     0.51078     0.34837    -0.56061   -0.058904    -0.48521
bStop2       -0.565296     0.13213     0.38610    -0.53217   -0.048676    -0.57104
bSafety1      0.751595    -0.07759    -0.52201     0.58168    0.159471     0.38773
bSafety2      1.000000    -0.45615    -0.61014     0.45445    0.375347     0.40531
mAT          -0.456154     1.00000    -0.01657    -0.04081    0.035789    -0.01756
mWT          -0.610136    -0.01657     1.00000    -0.58699   -0.431767    -0.49388
mTT           0.454449    -0.04081    -0.58699     1.00000    0.270189     0.62164
mTC           0.375347     0.03579    -0.43177     0.27019    1.000000     0.26892
mCro          0.405312    -0.01756    -0.49388     0.62164    0.268918     1.00000
mWaitEnv1    -0.006686    -0.29932     0.21773    -0.39570   -0.223563    -0.35976
mWaitEnv2    -0.522179    -0.01392     0.49773    -0.47796   -0.289313    -0.44341
mStop1        0.455125    -0.37243    -0.38479     0.01283    0.350745     0.01467
mStop2        0.134013     0.17658    -0.14594    -0.11887    0.064219     0.09461
mSafety1     -0.168679    -0.32843     0.19685    -0.13190    0.236690    -0.02545
mSafety2     -0.512633     0.14019     0.51808    -0.64653    0.075263    -0.43840
             mWaitEnv1   mWaitEnv2      mStop1      mStop2    mSafety1    mSafety2
asc_metro    -0.238679    -0.08539     0.08085    -0.43120   -0.126832    0.158076
asc_others   -0.477012    -0.03429     0.01928    -0.40688    0.051464    0.291039
bAT          -0.522097    -0.09910    -0.19007    -0.23903   -0.033000    0.361491
bWT          -0.535011     0.15262    -0.15383    -0.31424    0.267419    0.167183
bTT           0.191889     0.10665     0.22700    -0.16270    0.052396   -0.201680
bTC          -0.245482    -0.37629     0.02733     0.06806    0.074234    0.344716
bCro          0.269490     0.40529    -0.03895    -0.22204   -0.003277    0.162995
bWaitEnv1    -0.096802    -0.47589     0.60853     0.32779    0.173195   -0.364148
bWaitEnv2     0.430215    -0.31971     0.20377     0.28933   -0.268259   -0.502414
bStop1       -0.109830     0.38165    -0.31546    -0.20409    0.005104    0.634058
bStop2       -0.071113     0.54409    -0.09311    -0.47845    0.285790    0.700738
bSafety1     -0.203030    -0.53246     0.09208     0.05615   -0.504843   -0.583584
bSafety2     -0.006686    -0.52218     0.45513     0.13401   -0.168679   -0.512633
mAT          -0.299315    -0.01392    -0.37243     0.17658   -0.328431    0.140186
mWT           0.217726     0.49773    -0.38479    -0.14594    0.196854    0.518083
mTT          -0.395705    -0.47796     0.01283    -0.11887   -0.131902   -0.646533
mTC          -0.223563    -0.28931     0.35075     0.06422    0.236690    0.075263
mCro         -0.359762    -0.44341     0.01467     0.09461   -0.025453   -0.438403
mWaitEnv1     1.000000     0.32316  7.6148e-04     0.31407   -0.084255    0.002875
mWaitEnv2     0.323160     1.00000    -0.24632    -0.19988    0.313963    0.437934
mStop1      7.6148e-04    -0.24632     1.00000     0.31945    0.335970    0.107651
mStop2        0.314067    -0.19988     0.31945     1.00000   -0.173394   -0.055369
mSafety1     -0.084255     0.31396     0.33597    -0.17339    1.000000    0.502170
mSafety2      0.002875     0.43793     0.10765    -0.05537    0.502170    1.000000

Robust correlation matrix:
             asc_metro  asc_others         bAT         bWT         bTT         bTC
asc_metro      1.00000     0.86157     0.67489    0.308106     0.12512    0.224532
asc_others     0.86157     1.00000     0.78690    0.451748     0.18392    0.299669
bAT            0.67489     0.78690     1.00000    0.519491    -0.38714    0.607438
bWT            0.30811     0.45175     0.51949    1.000000    -0.27998    0.228971
bTT            0.12512     0.18392    -0.38714   -0.279983     1.00000   -0.632097
bTC            0.22453     0.29967     0.60744    0.228971    -0.63210    1.000000
bCro           0.33289     0.20024    -0.12798   -0.362990     0.59093   -0.541128
bWaitEnv1     -0.50730    -0.36906    -0.40906   -0.169269     0.04579    0.020515
bWaitEnv2     -0.26940    -0.26311    -0.52602   -0.367072     0.41010   -0.376079
bStop1         0.68413     0.62362     0.68345    0.205431    -0.16695    0.241398
bStop2         0.72259     0.61101     0.50651    0.206992     0.08751    0.012646
bSafety1       0.11251     0.14740     0.02290   -0.082519     0.13044   -0.133766
bSafety2       0.01046     0.05389    -0.09046    0.012193     0.02822    0.213621
mAT           -0.02473     0.15509     0.27796    0.008032    -0.16084    0.116644
mWT            0.07072    -0.01314     0.09553    0.028164    -0.09107   -0.009784
mTT           -0.45109    -0.21640    -0.33400   -0.150258     0.34340   -0.242890
mTC           -0.05684     0.28349     0.33729    0.204723    -0.14333    0.498369
mCro          -0.71493    -0.54370    -0.29911    0.069883    -0.33894    0.175174
mWaitEnv1      0.04627    -0.09968    -0.29530   -0.173182     0.21725   -0.304898
mWaitEnv2      0.13669     0.06317    -0.09268    0.178244     0.23443   -0.548481
mStop1        -0.02278     0.03011    -0.13826   -0.083156     0.17095    0.134872
mStop2        -0.51733    -0.36964    -0.30978   -0.186846    -0.12141    0.139449
mSafety1      -0.23384    -0.12306    -0.08736    0.260500    -0.06167    0.118570
mSafety2       0.37146     0.42910     0.46256    0.118461    -0.07951    0.320175
                  bCro   bWaitEnv1   bWaitEnv2      bStop1      bStop2    bSafety1
asc_metro      0.33289   -0.507298    -0.26940     0.68413    0.722591     0.11251
asc_others     0.20024   -0.369058    -0.26311     0.62362    0.611015     0.14740
bAT           -0.12798   -0.409055    -0.52602     0.68345    0.506513     0.02290
bWT           -0.36299   -0.169269    -0.36707     0.20543    0.206992    -0.08252
bTT            0.59093    0.045789     0.41010    -0.16695    0.087512     0.13044
bTC           -0.54113    0.020515    -0.37608     0.24140    0.012646    -0.13377
bCro           1.00000   -0.499049    -0.09854     0.39760    0.527647    -0.07760
bWaitEnv1     -0.49905    1.000000     0.61389    -0.75511   -0.730277     0.31619
bWaitEnv2     -0.09854    0.613892     1.00000    -0.62319   -0.497742     0.43542
bStop1         0.39760   -0.755112    -0.62319     1.00000    0.844454    -0.26146
bStop2         0.52765   -0.730277    -0.49774     0.84445    1.000000    -0.32797
bSafety1      -0.07760    0.316188     0.43542    -0.26146   -0.327965     1.00000
bSafety2      -0.47430    0.642062     0.54026    -0.49731   -0.464197     0.54145
mAT           -0.07563   -0.009407    -0.11464     0.26535   -0.114589     0.31626
mWT            0.24900   -0.500306    -0.20990     0.29347    0.362393    -0.43184
mTT           -0.16639    0.594348     0.38406    -0.63252   -0.612484     0.46866
mTC           -0.33518    0.300083    -0.08336    -0.01516   -0.113823    -0.04682
mCro          -0.72239    0.652737     0.19517    -0.68939   -0.803849     0.16230
mWaitEnv1      0.33669   -0.365453     0.09288     0.17062    0.299525    -0.38426
mWaitEnv2      0.50160   -0.598315    -0.21867     0.34775    0.545379    -0.37633
mStop1        -0.25242    0.584229     0.30979    -0.30154   -0.162461     0.06594
mStop2        -0.46142    0.557820     0.32460    -0.39533   -0.599996     0.04797
mSafety1      -0.29448    0.272950     0.03976    -0.26202   -0.004119    -0.49734
mSafety2       0.15894   -0.356199    -0.32048     0.54962    0.628450    -0.39603
              bSafety2         mAT         mWT         mTT         mTC        mCro
asc_metro      0.01046   -0.024733    0.070717    -0.45109    -0.05684    -0.71493
asc_others     0.05389    0.155091   -0.013144    -0.21640     0.28349    -0.54370
bAT           -0.09046    0.277956    0.095533    -0.33400     0.33729    -0.29911
bWT            0.01219    0.008032    0.028164    -0.15026     0.20472     0.06988
bTT            0.02822   -0.160844   -0.091070     0.34340    -0.14333    -0.33894
bTC            0.21362    0.116644   -0.009784    -0.24289     0.49837     0.17517
bCro          -0.47430   -0.075625    0.248995    -0.16639    -0.33518    -0.72239
bWaitEnv1      0.64206   -0.009407   -0.500306     0.59435     0.30008     0.65274
bWaitEnv2      0.54026   -0.114639   -0.209898     0.38406    -0.08336     0.19517
bStop1        -0.49731    0.265348    0.293471    -0.63252    -0.01516    -0.68939
bStop2        -0.46420   -0.114589    0.362393    -0.61248    -0.11382    -0.80385
bSafety1       0.54145    0.316260   -0.431837     0.46866    -0.04682     0.16230
bSafety2       1.00000   -0.097192   -0.617471     0.32288     0.38716     0.37880
mAT           -0.09719    1.000000   -0.272831     0.16300     0.12294     0.07876
mWT           -0.61747   -0.272831    1.000000    -0.54201    -0.38708    -0.39763
mTT            0.32288    0.163001   -0.542007     1.00000     0.14525     0.58605
mTC            0.38716    0.122941   -0.387082     0.14525     1.00000     0.28108
mCro           0.37880    0.078756   -0.397634     0.58605     0.28108     1.00000
mWaitEnv1     -0.23042   -0.311980    0.198226    -0.47479    -0.24797    -0.38762
mWaitEnv2     -0.53496   -0.284954    0.457951    -0.45685    -0.39176    -0.50851
mStop1         0.55352   -0.208466   -0.415185     0.09817     0.33222     0.09905
mStop2         0.32867    0.243127   -0.314331     0.17396     0.20995     0.45107
mSafety1    2.5976e-04   -0.581443    0.246149    -0.07966     0.23196     0.18010
mSafety2      -0.29672   -0.163284    0.535003    -0.59195     0.15649    -0.53914
             mWaitEnv1   mWaitEnv2      mStop1      mStop2    mSafety1    mSafety2
asc_metro      0.04627     0.13669    -0.02278    -0.51733   -0.233836     0.37146
asc_others    -0.09968     0.06317     0.03011    -0.36964   -0.123063     0.42910
bAT           -0.29530    -0.09268    -0.13826    -0.30978   -0.087365     0.46256
bWT           -0.17318     0.17824    -0.08316    -0.18685    0.260500     0.11846
bTT            0.21725     0.23443     0.17095    -0.12141   -0.061670    -0.07951
bTC           -0.30490    -0.54848     0.13487     0.13945    0.118570     0.32017
bCro           0.33669     0.50160    -0.25242    -0.46142   -0.294481     0.15894
bWaitEnv1     -0.36545    -0.59832     0.58423     0.55782    0.272950    -0.35620
bWaitEnv2      0.09288    -0.21867     0.30979     0.32460    0.039764    -0.32048
bStop1         0.17062     0.34775    -0.30154    -0.39533   -0.262021     0.54962
bStop2         0.29953     0.54538    -0.16246    -0.60000   -0.004119     0.62845
bSafety1      -0.38426    -0.37633     0.06594     0.04797   -0.497345    -0.39603
bSafety2      -0.23042    -0.53496     0.55352     0.32867  2.5976e-04    -0.29672
mAT           -0.31198    -0.28495    -0.20847     0.24313   -0.581443    -0.16328
mWT            0.19823     0.45795    -0.41519    -0.31433    0.246149     0.53500
mTT           -0.47479    -0.45685     0.09817     0.17396   -0.079658    -0.59195
mTC           -0.24797    -0.39176     0.33222     0.20995    0.231961     0.15649
mCro          -0.38762    -0.50851     0.09905     0.45107    0.180100    -0.53914
mWaitEnv1      1.00000     0.63419    -0.02968     0.04988    0.059473     0.16393
mWaitEnv2      0.63419     1.00000    -0.31515    -0.34571    0.128939     0.28610
mStop1        -0.02968    -0.31515     1.00000     0.53069    0.360343     0.17590
mStop2         0.04988    -0.34571     0.53069     1.00000    0.092201    -0.09978
mSafety1       0.05947     0.12894     0.36034     0.09220    1.000000     0.38928
mSafety2       0.16393     0.28610     0.17590    -0.09978    0.389279     1.00000

 20 most extreme outliers in terms of lowest average per choice prediction:
  ID Avg prob per choice
  47          0.06393509
  58          0.09429725
  15          0.12016064
 256          0.12016064
 322          0.12016064
 502          0.12016064
 868          0.12016064
  61          0.15752639
 291          0.15752639
 379          0.15752639
 488          0.15752639
 606          0.15752639
 700          0.15752639
 754          0.15752639
 816          0.15752639
 818          0.15752639
 957          0.15752639
 997          0.15752639
 164          0.17304028
 682          0.19404983

Changes in parameter estimates from starting values:
               Initial    Estimate  Difference
asc_bus          0.000    0.000000    0.000000
asc_metro        0.000    0.567137    0.567137
asc_others       0.000   -0.364830   -0.364830
bAT              0.000    0.007557    0.007557
bWT              0.000   -0.086096   -0.086096
bTT              0.000    0.017096    0.017096
bTC              0.000    0.084018    0.084018
bCro             0.000   -0.527630   -0.527630
bWaitEnv1        0.000    1.212890    1.212890
bWaitEnv2        0.000    2.900385    2.900385
bStop1           0.000   -1.065942   -1.065942
bStop2           0.000   -0.813972   -0.813972
bSafety1         0.000    1.490090    1.490090
bSafety2         0.000    1.728077    1.728077
mAT              0.000   -0.026008   -0.026008
mWT              0.000   -0.003530   -0.003530
mTT              0.000    0.023490    0.023490
mTC              0.000    0.030161    0.030161
mCro             0.000    0.290454    0.290454
mWaitEnv1        0.000    0.417240    0.417240
mWaitEnv2        0.000   -1.592197   -1.592197
mStop1           0.000    1.754865    1.754865
mStop2           0.000    0.752446    0.752446
mSafety1         0.000    0.337843    0.337843
mSafety2         0.000    0.616503    0.616503

Settings and functions used in model definition:

apollo_control
--------------
                       Value                             
modelName              "gs_mnl_03"                       
modelDescr             "Simple MNL on Gender safety data"
indivID                "id"                              
outputDirectory        "results/"                        
debug                  "FALSE"                           
nCores                 "1"                               
workInLogs             "FALSE"                           
seed                   "13"                              
