Model run by geojch using Apollo 0.3.4 on R 4.4.1 for Windows.
Please acknowledge the use of Apollo by citing Hess & Palma (2019)
  DOI 10.1016/j.jocm.2019.100170
  www.ApolloChoiceModelling.com

Model name                                  : gs_mnl_nonPT_01
Model description                           : Simple MNL on Gender safety data
Model run at                                : 2025-01-07 16:21:34.266272
Estimation method                           : bgw
Model diagnosis                             : Relative function convergence
Optimisation diagnosis                      : Maximum found
     hessian properties                     : Negative definite
     maximum eigenvalue                     : -0.787222
     reciprocal of condition number         : 5.69079e-07
Number of individuals                       : 489
Number of rows in database                  : 1467
Number of modelled outcomes                 : 1467

Number of cores used                        :  1 
Model without mixing

LL(start)                                   : -1611.66
LL at equal shares, LL(0)                   : -1611.66
LL at observed shares, LL(C)                : -1407.23
LL(final)                                   : -1280.15
Rho-squared vs equal shares                  :  0.2057 
Adj.Rho-squared vs equal shares              :  0.1908 
Rho-squared vs observed shares               :  0.0903 
Adj.Rho-squared vs observed shares           :  0.0747 
AIC                                         :  2608.29 
BIC                                         :  2735.28 

Estimated parameters                        : 24
Time taken (hh:mm:ss)                       :  00:00:2.03 
     pre-estimation                         :  00:00:0.6 
     estimation                             :  00:00:0.24 
     post-estimation                        :  00:00:1.19 
Iterations                                  :  14  

Unconstrained optimisation.

Estimates:
              Estimate        s.e.   t.rat.(0)    Rob.s.e. Rob.t.rat.(0)
asc_bus       0.000000          NA          NA          NA            NA
asc_metro     1.623351    0.865108      1.8765     0.91853        1.7673
asc_others    0.274224    0.769525      0.3564     0.74550        0.3678
bAT           0.017110    0.023109      0.7404     0.02049        0.8349
bWT           0.044345    0.025256      1.7558     0.02775        1.5979
bTT          -0.030214    0.010233     -2.9527     0.01028       -2.9388
bTC           0.109758    0.019650      5.5857     0.02301        4.7693
bCro          0.069437    0.240997      0.2881     0.26052        0.2665
bWaitEnv1    -0.546352    0.241027     -2.2668     0.24055       -2.2713
bWaitEnv2     0.532803    0.353810      1.5059     0.29402        1.8121
bStop1        0.121594    0.300288      0.4049     0.30123        0.4037
bStop2       -0.603157    0.268486     -2.2465     0.27329       -2.2071
bSafety1      0.205163    0.290803      0.7055     0.30755        0.6671
bSafety2      0.751753    0.335239      2.2424     0.26229        2.8661
mAT          -0.110169    0.022663     -4.8612     0.01838       -5.9947
mWT           0.053247    0.041112      1.2952     0.03429        1.5530
mTT          -0.007954    0.008859     -0.8979     0.01042       -0.7637
mTC           0.025369    0.009371      2.7074     0.01150        2.2058
mCro          0.561644    0.187494      2.9955     0.23125        2.4288
mWaitEnv1     0.727487    0.284334      2.5586     0.32947        2.2081
mWaitEnv2    -0.049614    0.188188     -0.2636     0.18621       -0.2664
mStop1       -0.387460    0.224968     -1.7223     0.24738       -1.5662
mStop2       -0.283674    0.193882     -1.4631     0.21179       -1.3394
mSafety1      0.586051    0.211018      2.7773     0.17789        3.2944
mSafety2     -0.122616    0.214883     -0.5706     0.19731       -0.6215


Overview of choices for MNL model component :
                                     bus   metro  others
Times available                  1467.00 1467.00 1467.00
Times chosen                      414.00  837.00  216.00
Percentage chosen overall          28.22   57.06   14.72
Percentage chosen when available   28.22   57.06   14.72



Classical covariance matrix:
             asc_metro  asc_others         bAT         bWT         bTT         bTC
asc_metro     0.748413    0.518561    0.013173    0.011783 -6.3857e-04    0.006275
asc_others    0.518561    0.592169    0.013279    0.012907  7.0696e-04    0.005924
bAT           0.013173    0.013279  5.3403e-04  3.8107e-04 -1.1711e-04  2.5498e-04
bWT           0.011783    0.012907  3.8107e-04  6.3784e-04  -7.934e-05  1.7718e-04
bTT        -6.3857e-04  7.0696e-04 -1.1711e-04  -7.934e-05  1.0471e-04 -1.0010e-04
bTC           0.006275    0.005924  2.5498e-04  1.7718e-04 -1.0010e-04  3.8612e-04
bCro         -0.050683   -0.054280   -0.003268   -0.003424    0.001277   -0.002185
bWaitEnv1    -0.088645   -0.071896   -0.003026   -0.002261  6.5305e-04   -0.001926
bWaitEnv2    -0.040701   -0.045090   -0.003470   -0.002629    0.001372   -0.003640
bStop1        0.106392    0.099433    0.003749    0.001767 -7.4706e-04    0.002450
bStop2        0.080349    0.072837    0.002084    0.001342 -2.7681e-04    0.001011
bSafety1      0.063069    0.063115    0.001504    0.001195 -2.2770e-04   -0.001141
bSafety2      0.043594    0.024756 -6.3587e-04  2.1828e-04  2.3992e-04 -6.1354e-04
mAT        -7.6894e-04    0.003592  1.5133e-04   3.236e-05  -1.313e-05   3.305e-05
mWT          -0.005388   -0.002514 -1.0185e-04  -6.023e-05   1.812e-05   3.080e-05
mTT        -9.1096e-04    0.001063   7.470e-07   3.264e-05   1.912e-05  -3.372e-05
mTC          -0.001616    0.001837   2.642e-05   3.116e-05   1.062e-05   3.248e-05
mCro         -0.035056   -0.012801  2.4780e-04  8.4293e-04 -5.1177e-04  2.7073e-04
mWaitEnv1    -0.057727   -0.072834   -0.002499   -0.002514  5.8409e-04 -6.8130e-04
mWaitEnv2    -0.034859   -0.027984 -8.2810e-04  -4.004e-05   9.170e-05 -6.2846e-04
mStop1       -0.012353   -0.015141   -0.001014   -0.001465  4.8657e-04 -4.9285e-04
mStop2       -0.049767   -0.031535 -8.1100e-04   -0.001268  1.8236e-04 -3.3572e-04
mSafety1     -0.049273   -0.016564   -0.001024   9.279e-05  2.8295e-04   2.019e-05
mSafety2     -0.032507    0.003583   7.398e-05 -6.8691e-04   5.086e-05  6.1203e-04
                  bCro   bWaitEnv1   bWaitEnv2      bStop1      bStop2    bSafety1
asc_metro    -0.050683   -0.088645   -0.040701    0.106392    0.080349    0.063069
asc_others   -0.054280   -0.071896   -0.045090    0.099433    0.072837    0.063115
bAT          -0.003268   -0.003026   -0.003470    0.003749    0.002084    0.001504
bWT          -0.003424   -0.002261   -0.002629    0.001767    0.001342    0.001195
bTT           0.001277  6.5305e-04    0.001372 -7.4706e-04 -2.7681e-04 -2.2770e-04
bTC          -0.002185   -0.001926   -0.003640    0.002450    0.001011   -0.001141
bCro          0.058080    0.007988    0.010164   -0.001951    0.008138   -0.017776
bWaitEnv1     0.007988    0.058094    0.045181   -0.043127   -0.033806    0.004151
bWaitEnv2     0.010164    0.045181    0.125182   -0.063396   -0.039738    0.048299
bStop1       -0.001951   -0.043127   -0.063396    0.090173    0.060445   -0.030035
bStop2        0.008138   -0.033806   -0.039738    0.060445    0.072085   -0.023488
bSafety1     -0.017776    0.004151    0.048299   -0.030035   -0.023488    0.084567
bSafety2     -0.021901    0.022870    0.065892   -0.053210   -0.043408    0.068103
mAT        -3.2886e-04 -8.8809e-04   -0.002112    0.002671  7.5380e-04   3.546e-05
mWT           0.002316   -0.001910  5.5271e-04    0.001139    0.002825   -0.002993
mTT        -2.6255e-04  5.5324e-04  5.4727e-04   -0.001022 -8.7173e-04  9.7183e-04
mTC        -2.9274e-04  1.0867e-04 -1.6325e-04   9.387e-05  -5.909e-05   9.582e-05
mCro         -0.018598    0.007234   -0.005682   -0.015827   -0.017608    0.014846
mWaitEnv1     0.013649  7.5534e-04    0.018055  -1.894e-05    0.003769   -0.027117
mWaitEnv2     0.008525   -0.009806   -0.012188    0.009953    0.014374   -0.018256
mStop1        0.005184    0.020968    0.013224   -0.010486   -0.004817   -0.004767
mStop2     -3.6941e-04    0.013149    0.010826   -0.004985   -0.013692   -0.004527
mSafety1      0.005295    0.012101   -0.004168   -0.006209    0.006299   -0.023669
mSafety2      0.007030   -0.002798   -0.013785    0.021141    0.024719   -0.022598
              bSafety2         mAT         mWT         mTT         mTC        mCro
asc_metro     0.043594 -7.6894e-04   -0.005388 -9.1096e-04   -0.001616   -0.035056
asc_others    0.024756    0.003592   -0.002514    0.001063    0.001837   -0.012801
bAT        -6.3587e-04  1.5133e-04 -1.0185e-04   7.470e-07   2.642e-05  2.4780e-04
bWT         2.1828e-04   3.236e-05  -6.023e-05   3.264e-05   3.116e-05  8.4293e-04
bTT         2.3992e-04  -1.313e-05   1.812e-05   1.912e-05   1.062e-05 -5.1177e-04
bTC        -6.1354e-04   3.305e-05   3.080e-05  -3.372e-05   3.248e-05  2.7073e-04
bCro         -0.021901 -3.2886e-04    0.002316 -2.6255e-04 -2.9274e-04   -0.018598
bWaitEnv1     0.022870 -8.8809e-04   -0.001910  5.5324e-04  1.0867e-04    0.007234
bWaitEnv2     0.065892   -0.002112  5.5271e-04  5.4727e-04 -1.6325e-04   -0.005682
bStop1       -0.053210    0.002671    0.001139   -0.001022   9.387e-05   -0.015827
bStop2       -0.043408  7.5380e-04    0.002825 -8.7173e-04  -5.909e-05   -0.017608
bSafety1      0.068103   3.546e-05   -0.002993  9.7183e-04   9.582e-05    0.014846
bSafety2      0.112385   -0.001996   -0.004736  8.1499e-04  4.8681e-04    0.018056
mAT          -0.001996  5.1360e-04 -2.0265e-04  -2.209e-06   4.347e-05 -2.3137e-04
mWT          -0.004736 -2.0265e-04    0.001690 -1.4706e-04  -8.328e-05   -0.002915
mTT         8.1499e-04  -2.209e-06 -1.4706e-04   7.847e-05   1.603e-05  9.2016e-04
mTC         4.8681e-04   4.347e-05  -8.328e-05   1.603e-05   8.781e-05  2.2391e-04
mCro          0.018056 -2.3137e-04   -0.002915  9.2016e-04  2.2391e-04    0.035154
mWaitEnv1    -0.007579   -0.001055  5.1939e-04   -0.001047  1.3553e-04   -0.016760
mWaitEnv2    -0.017882 -4.2655e-04    0.002870 -7.8227e-04 -1.9836e-04   -0.008413
mStop1        0.007323 -4.4759e-04   -0.001615 -4.4871e-04   9.821e-05   -0.011001
mStop2     -8.0477e-04    0.001002   -0.001097 -4.0487e-04  1.6190e-04   -0.006737
mSafety1     -0.015260   -0.001584    0.002740 -1.0324e-04  1.8885e-04   -0.002963
mSafety2     -0.027214  4.1340e-04    0.004211 -9.5808e-04  2.2224e-04   -0.013640
             mWaitEnv1   mWaitEnv2      mStop1      mStop2    mSafety1    mSafety2
asc_metro    -0.057727   -0.034859   -0.012353   -0.049767   -0.049273   -0.032507
asc_others   -0.072834   -0.027984   -0.015141   -0.031535   -0.016564    0.003583
bAT          -0.002499 -8.2810e-04   -0.001014 -8.1100e-04   -0.001024   7.398e-05
bWT          -0.002514  -4.004e-05   -0.001465   -0.001268   9.279e-05 -6.8691e-04
bTT         5.8409e-04   9.170e-05  4.8657e-04  1.8236e-04  2.8295e-04   5.086e-05
bTC        -6.8130e-04 -6.2846e-04 -4.9285e-04 -3.3572e-04   2.019e-05  6.1203e-04
bCro          0.013649    0.008525    0.005184 -3.6941e-04    0.005295    0.007030
bWaitEnv1   7.5534e-04   -0.009806    0.020968    0.013149    0.012101   -0.002798
bWaitEnv2     0.018055   -0.012188    0.013224    0.010826   -0.004168   -0.013785
bStop1      -1.894e-05    0.009953   -0.010486   -0.004985   -0.006209    0.021141
bStop2        0.003769    0.014374   -0.004817   -0.013692    0.006299    0.024719
bSafety1     -0.027117   -0.018256   -0.004767   -0.004527   -0.023669   -0.022598
bSafety2     -0.007579   -0.017882    0.007323 -8.0477e-04   -0.015260   -0.027214
mAT          -0.001055 -4.2655e-04 -4.4759e-04    0.001002   -0.001584  4.1340e-04
mWT         5.1939e-04    0.002870   -0.001615   -0.001097    0.002740    0.004211
mTT          -0.001047 -7.8227e-04 -4.4871e-04 -4.0487e-04 -1.0324e-04 -9.5808e-04
mTC         1.3553e-04 -1.9836e-04   9.821e-05  1.6190e-04  1.8885e-04  2.2224e-04
mCro         -0.016760   -0.008413   -0.011001   -0.006737   -0.002963   -0.013640
mWaitEnv1     0.080846    0.023696    0.013795    0.018588    0.004717    0.013048
mWaitEnv2     0.023696    0.035415 -6.0991e-04    0.003301    0.012030    0.016553
mStop1        0.013795 -6.0991e-04    0.050611    0.026286    0.008329    0.012173
mStop2        0.018588    0.003301    0.026286    0.037590   -0.001563    0.010346
mSafety1      0.004717    0.012030    0.008329   -0.001563    0.044528    0.021772
mSafety2      0.013048    0.016553    0.012173    0.010346    0.021772    0.046175

Robust covariance matrix:
             asc_metro  asc_others         bAT         bWT         bTT         bTC
asc_metro     0.843690    0.545347    0.011848    0.012289   3.505e-05    0.006989
asc_others    0.545347    0.555770    0.011619    0.013514  5.0080e-04    0.006660
bAT           0.011848    0.011619  4.2002e-04  3.4298e-04  -9.741e-05  2.3816e-04
bWT           0.012289    0.013514  3.4298e-04  7.7014e-04 -1.0479e-04  2.0537e-04
bTT          3.505e-05  5.0080e-04  -9.741e-05 -1.0479e-04  1.0570e-04 -1.0094e-04
bTC           0.006989    0.006660  2.3816e-04  2.0537e-04 -1.0094e-04  5.2962e-04
bCro         -0.022536   -0.051332   -0.003075   -0.004334    0.001598   -0.002707
bWaitEnv1    -0.135460   -0.094306   -0.002436   -0.002242  1.6599e-04   -0.001801
bWaitEnv2    -0.079910   -0.049955   -0.001880   -0.002778  7.7171e-04   -0.003868
bStop1        0.167741    0.116037    0.002992  4.5742e-04  1.0031e-04    0.002629
bStop2        0.151939    0.101340    0.002233  9.4723e-04  4.8313e-04  4.4236e-04
bSafety1      0.018316    0.028198    0.001319    0.001990 -9.0239e-04   -0.002310
bSafety2      0.001054    0.020158  6.0868e-04    0.001797 -8.3941e-04    0.001072
mAT          -0.001037  4.5090e-04   3.541e-05 -1.3207e-04   1.281e-05  -7.614e-06
mWT          4.845e-05  6.4661e-04  -5.541e-05  -6.606e-05   4.977e-05  -8.199e-05
mTT          -0.003825   -0.001381  -4.639e-05   5.791e-05  -1.391e-06  -7.147e-05
mTC          -0.002327    0.001643   5.585e-05   2.691e-06  -4.301e-06  1.0532e-04
mCro         -0.081032   -0.028057 -1.7786e-04    0.002336 -7.6191e-04 -2.3204e-04
mWaitEnv1     0.074827    0.039642  7.3273e-04   -0.002543  9.0030e-04    0.001728
mWaitEnv2     0.030568    0.031058  3.6685e-04  7.7036e-04  2.9972e-04 -9.2988e-04
mStop1       -0.020071   -0.016377 -3.3200e-04   -0.002080  4.0028e-04  6.2904e-04
mStop2       -0.040228   -0.012978 -1.8746e-04   -0.001951  2.8732e-04    0.001122
mSafety1     -0.042922   -0.006202 -3.4109e-04    0.001124  -2.356e-05 -2.6139e-04
mSafety2     -0.012171    0.008763  2.3259e-04   -0.001704  4.0647e-04  6.3242e-04
                  bCro   bWaitEnv1   bWaitEnv2      bStop1      bStop2    bSafety1
asc_metro    -0.022536   -0.135460   -0.079910    0.167741    0.151939    0.018316
asc_others   -0.051332   -0.094306   -0.049955    0.116037    0.101340    0.028198
bAT          -0.003075   -0.002436   -0.001880    0.002992    0.002233    0.001319
bWT          -0.004334   -0.002242   -0.002778  4.5742e-04  9.4723e-04    0.001990
bTT           0.001598  1.6599e-04  7.7171e-04  1.0031e-04  4.8313e-04 -9.0239e-04
bTC          -0.002707   -0.001801   -0.003868    0.002629  4.4236e-04   -0.002310
bCro          0.067870   -0.005327    0.007603    0.007848    0.009199   -0.016178
bWaitEnv1    -0.005327    0.057863    0.040454   -0.046682   -0.037533    0.008372
bWaitEnv2     0.007603    0.040454    0.086450   -0.031606   -0.020766    0.035943
bStop1        0.007848   -0.046682   -0.031606    0.090738    0.065697   -0.036680
bStop2        0.009199   -0.037533   -0.020766    0.065697    0.074685   -0.024433
bSafety1     -0.016178    0.008372    0.035943   -0.036680   -0.024433    0.094586
bSafety2     -0.031525    0.018147    0.022670   -0.031322   -0.033676    0.042648
mAT          9.301e-05   5.054e-05    0.001042    0.001631  5.5733e-04   2.281e-05
mWT           0.003078   -0.002122  4.9938e-04    0.001127    0.001782 -6.3268e-04
mTT        -4.4480e-04    0.001237  5.8375e-04   -0.002202   -0.001474    0.001180
mTC        -7.2041e-04   7.809e-05 -1.6358e-04  4.0108e-04 -2.4902e-04 -5.1174e-04
mCro         -0.027934    0.023990    0.003036   -0.048029   -0.037882    0.025181
mWaitEnv1     0.018576   -0.027516   -0.012896    0.066772    0.044292   -0.054659
mWaitEnv2     0.011906   -0.019678   -0.006385    0.019616    0.019870   -0.006309
mStop1       -0.005782    0.012252    0.006760    0.011562 -1.9342e-04   -0.019276
mStop2       -0.005529    0.007652    0.005432    0.013033   -0.005671   -0.020005
mSafety1     -0.010060    0.015075    0.008136   -0.020862   -0.008937   -0.003915
mSafety2      0.006381   -0.003791    0.004081    0.025718    0.018511   -0.024245
              bSafety2         mAT         mWT         mTT         mTC        mCro
asc_metro     0.001054   -0.001037   4.845e-05   -0.003825   -0.002327   -0.081032
asc_others    0.020158  4.5090e-04  6.4661e-04   -0.001381    0.001643   -0.028057
bAT         6.0868e-04   3.541e-05  -5.541e-05  -4.639e-05   5.585e-05 -1.7786e-04
bWT           0.001797 -1.3207e-04  -6.606e-05   5.791e-05   2.691e-06    0.002336
bTT        -8.3941e-04   1.281e-05   4.977e-05  -1.391e-06  -4.301e-06 -7.6191e-04
bTC           0.001072  -7.614e-06  -8.199e-05  -7.147e-05  1.0532e-04 -2.3204e-04
bCro         -0.031525   9.301e-05    0.003078 -4.4480e-04 -7.2041e-04   -0.027934
bWaitEnv1     0.018147   5.054e-05   -0.002122    0.001237   7.809e-05    0.023990
bWaitEnv2     0.022670    0.001042  4.9938e-04  5.8375e-04 -1.6358e-04    0.003036
bStop1       -0.031322    0.001631    0.001127   -0.002202  4.0108e-04   -0.048029
bStop2       -0.033676  5.5733e-04    0.001782   -0.001474 -2.4902e-04   -0.037882
bSafety1      0.042648   2.281e-05 -6.3268e-04    0.001180 -5.1174e-04    0.025181
bSafety2      0.068799  -9.149e-05   -0.003332  7.5836e-04  7.1592e-04    0.029909
mAT         -9.149e-05  3.3774e-04  -9.811e-05  -4.747e-05   3.528e-05   -0.001260
mWT          -0.003332  -9.811e-05    0.001176 -1.1046e-04 -1.0309e-04   -0.002984
mTT         7.5836e-04  -4.747e-05 -1.1046e-04  1.0848e-04  -8.736e-06    0.001966
mTC         7.1592e-04   3.528e-05 -1.0309e-04  -8.736e-06  1.3228e-04  2.9201e-04
mCro          0.029909   -0.001260   -0.002984    0.001966  2.9201e-04    0.053475
mWaitEnv1    -0.036020    0.001221   5.703e-05   -0.002510  9.1472e-04   -0.052419
mWaitEnv2    -0.017747 -3.0206e-04    0.002804 -7.4604e-04 -2.7177e-04   -0.017068
mStop1       -0.006507    0.001498   -0.001445   -0.001083  4.3862e-04   -0.020329
mStop2       -0.002215    0.001534   -0.001191 -8.1934e-04  7.9685e-04   -0.014517
mSafety1    6.2825e-04   -0.001639    0.001201  5.2852e-04   3.645e-05    0.012202
mSafety2     -0.018910  6.7100e-04    0.002637   -0.001227  6.0379e-04   -0.028542
             mWaitEnv1   mWaitEnv2      mStop1      mStop2    mSafety1    mSafety2
asc_metro     0.074827    0.030568   -0.020071   -0.040228   -0.042922   -0.012171
asc_others    0.039642    0.031058   -0.016377   -0.012978   -0.006202    0.008763
bAT         7.3273e-04  3.6685e-04 -3.3200e-04 -1.8746e-04 -3.4109e-04  2.3259e-04
bWT          -0.002543  7.7036e-04   -0.002080   -0.001951    0.001124   -0.001704
bTT         9.0030e-04  2.9972e-04  4.0028e-04  2.8732e-04  -2.356e-05  4.0647e-04
bTC           0.001728 -9.2988e-04  6.2904e-04    0.001122 -2.6139e-04  6.3242e-04
bCro          0.018576    0.011906   -0.005782   -0.005529   -0.010060    0.006381
bWaitEnv1    -0.027516   -0.019678    0.012252    0.007652    0.015075   -0.003791
bWaitEnv2    -0.012896   -0.006385    0.006760    0.005432    0.008136    0.004081
bStop1        0.066772    0.019616    0.011562    0.013033   -0.020862    0.025718
bStop2        0.044292    0.019870 -1.9342e-04   -0.005671   -0.008937    0.018511
bSafety1     -0.054659   -0.006309   -0.019276   -0.020005   -0.003915   -0.024245
bSafety2     -0.036020   -0.017747   -0.006507   -0.002215  6.2825e-04   -0.018910
mAT           0.001221 -3.0206e-04    0.001498    0.001534   -0.001639  6.7100e-04
mWT          5.703e-05    0.002804   -0.001445   -0.001191    0.001201    0.002637
mTT          -0.002510 -7.4604e-04   -0.001083 -8.1934e-04  5.2852e-04   -0.001227
mTC         9.1472e-04 -2.7177e-04  4.3862e-04  7.9685e-04   3.645e-05  6.0379e-04
mCro         -0.052419   -0.017068   -0.020329   -0.014517    0.012202   -0.028542
mWaitEnv1     0.108549    0.024411    0.037511    0.035499   -0.014476    0.038749
mWaitEnv2     0.024411    0.034673   -0.004734   -0.003226  9.4538e-04    0.012883
mStop1        0.037511   -0.004734    0.061199    0.043713    0.002536    0.025777
mStop2        0.035499   -0.003226    0.043713    0.044856  7.1683e-04    0.024243
mSafety1     -0.014476  9.4538e-04    0.002536  7.1683e-04    0.031646    0.007765
mSafety2      0.038749    0.012883    0.025777    0.024243    0.007765    0.038930

Classical correlation matrix:
             asc_metro  asc_others         bAT         bWT         bTT         bTC
asc_metro      1.00000     0.77894    0.658917    0.539291    -0.07214    0.369160
asc_others     0.77894     1.00000    0.746695    0.664134     0.08978    0.391803
bAT            0.65892     0.74670    1.000000    0.652928    -0.49523    0.561512
bWT            0.53929     0.66413    0.652928    1.000000    -0.30701    0.357034
bTT           -0.07214     0.08978   -0.495228   -0.307007     1.00000   -0.497840
bTC            0.36916     0.39180    0.561512    0.357034    -0.49784    1.000000
bCro          -0.24310    -0.29269   -0.586807   -0.562560     0.51795   -0.461400
bWaitEnv1     -0.42512    -0.38763   -0.543317   -0.371443     0.26478   -0.406653
bWaitEnv2     -0.13297    -0.16561   -0.424444   -0.294231     0.37908   -0.523574
bStop1         0.40954     0.43030    0.540191    0.232952    -0.24313    0.415159
bStop2         0.34593     0.35254    0.335908    0.197986    -0.10076    0.191666
bSafety1       0.25069     0.28204    0.223806    0.162730    -0.07652   -0.199625
bSafety2       0.15031     0.09596   -0.082079    0.025781     0.06994   -0.093138
mAT           -0.03922     0.20595    0.288948    0.056532    -0.05662    0.074210
mWT           -0.15148    -0.07946   -0.107198   -0.058004     0.04308    0.038124
mTT           -0.11887     0.15591    0.003649    0.145891     0.21093   -0.193735
mTC           -0.19930     0.25480    0.122022    0.131672     0.11075    0.176389
mCro          -0.21613    -0.08872    0.057191    0.178010    -0.26675    0.073484
mWaitEnv1     -0.23468    -0.33288   -0.380284   -0.350153     0.20075   -0.121942
mWaitEnv2     -0.21412    -0.19324   -0.190418   -0.008425     0.04762   -0.169951
mStop1        -0.06347    -0.08746   -0.194996   -0.257823     0.21137   -0.111488
mStop2        -0.29671    -0.21137   -0.181009   -0.258902     0.09192   -0.088120
mSafety1      -0.26991    -0.10201   -0.209961    0.017412     0.13104    0.004870
mSafety2      -0.17486     0.02167    0.014898   -0.126574     0.02313    0.144948
                  bCro   bWaitEnv1   bWaitEnv2      bStop1      bStop2    bSafety1
asc_metro    -0.243099    -0.42512    -0.13297     0.40954     0.34593    0.250693
asc_others   -0.292688    -0.38763    -0.16561     0.43030     0.35254    0.282037
bAT          -0.586807    -0.54332    -0.42444     0.54019     0.33591    0.223806
bWT          -0.562560    -0.37144    -0.29423     0.23295     0.19799    0.162730
bTT           0.517947     0.26478     0.37908    -0.24313    -0.10076   -0.076519
bTC          -0.461400    -0.40665    -0.52357     0.41516     0.19167   -0.199625
bCro          1.000000     0.13752     0.11920    -0.02696     0.12577   -0.253643
bWaitEnv1     0.137522     1.00000     0.52981    -0.59586    -0.52241    0.059227
bWaitEnv2     0.119200     0.52981     1.00000    -0.59669    -0.41833    0.469427
bStop1       -0.026957    -0.59586    -0.59669     1.00000     0.74972   -0.343952
bStop2        0.125773    -0.52241    -0.41833     0.74972     1.00000   -0.300827
bSafety1     -0.253643     0.05923     0.46943    -0.34395    -0.30083    1.000000
bSafety2     -0.271081     0.28303     0.55553    -0.52857    -0.48228    0.698575
mAT          -0.060214    -0.16259    -0.26339     0.39254     0.12389    0.005380
mWT           0.233706    -0.19271     0.03800     0.09227     0.25593   -0.250366
mTT          -0.122982     0.25911     0.17461    -0.38424    -0.36652    0.377248
mTC          -0.129627     0.04812    -0.04924     0.03336    -0.02349    0.035164
mCro         -0.411599     0.16008    -0.08565    -0.28111    -0.34978    0.272283
mWaitEnv1     0.199189     0.01102     0.17948 -2.2177e-04     0.04937   -0.327955
mWaitEnv2     0.187979    -0.21620    -0.18305     0.17613     0.28449   -0.333595
mStop1        0.095609     0.38669     0.16614    -0.15523    -0.07975   -0.072861
mStop2       -0.007906     0.28137     0.15782    -0.08562    -0.26304   -0.080294
mSafety1      0.104128     0.23793    -0.05583    -0.09798     0.11118   -0.385719
mSafety2      0.135756    -0.05402    -0.18131     0.32763     0.42845   -0.361632
              bSafety2         mAT         mWT         mTT         mTC        mCro
asc_metro      0.15031   -0.039220    -0.15148   -0.118868    -0.19930    -0.21613
asc_others     0.09596    0.205947    -0.07946    0.155910     0.25480    -0.08872
bAT           -0.08208    0.288948    -0.10720    0.003649     0.12202     0.05719
bWT            0.02578    0.056532    -0.05800    0.145891     0.13167     0.17801
bTT            0.06994   -0.056624     0.04308    0.210928     0.11075    -0.26675
bTC           -0.09314    0.074210     0.03812   -0.193735     0.17639     0.07348
bCro          -0.27108   -0.060214     0.23371   -0.122982    -0.12963    -0.41160
bWaitEnv1      0.28303   -0.162586    -0.19271    0.259110     0.04812     0.16008
bWaitEnv2      0.55553   -0.263394     0.03800    0.174609    -0.04924    -0.08565
bStop1        -0.52857    0.392538     0.09227   -0.384240     0.03336    -0.28111
bStop2        -0.48228    0.123887     0.25593   -0.366518    -0.02349    -0.34978
bSafety1       0.69858    0.005380    -0.25037    0.377248     0.03516     0.27228
bSafety2       1.00000   -0.262772    -0.34361    0.274432     0.15497     0.28726
mAT           -0.26277    1.000000    -0.21751   -0.011003     0.20471    -0.05445
mWT           -0.34361   -0.217506     1.00000   -0.403794    -0.21618    -0.37810
mTT            0.27443   -0.011003    -0.40379    1.000000     0.19309     0.55400
mTC            0.15497    0.204709    -0.21618    0.193089     1.00000     0.12744
mCro           0.28726   -0.054452    -0.37810    0.554003     0.12744     1.00000
mWaitEnv1     -0.07951   -0.163794     0.04443   -0.415661     0.05087    -0.31439
mWaitEnv2     -0.28345   -0.100016     0.37099   -0.469245    -0.11249    -0.23844
mStop1         0.09710   -0.087791    -0.17459   -0.225154     0.04659    -0.26080
mStop2        -0.01238    0.227978    -0.13763   -0.235731     0.08911    -0.18532
mSafety1      -0.21572   -0.331277     0.31585   -0.055228     0.09551    -0.07490
mSafety2      -0.37778    0.084890     0.47661   -0.503311     0.11037    -0.33854
             mWaitEnv1   mWaitEnv2      mStop1      mStop2    mSafety1    mSafety2
asc_metro     -0.23468   -0.214116    -0.06347   -0.296711   -0.269911    -0.17486
asc_others    -0.33288   -0.193241    -0.08746   -0.211368   -0.102005     0.02167
bAT           -0.38028   -0.190418    -0.19500   -0.181009   -0.209961     0.01490
bWT           -0.35015   -0.008425    -0.25782   -0.258902    0.017412    -0.12657
bTT            0.20075    0.047622     0.21137    0.091919    0.131039     0.02313
bTC           -0.12194   -0.169951    -0.11149   -0.088120    0.004870     0.14495
bCro           0.19919    0.187979     0.09561   -0.007906    0.104128     0.13576
bWaitEnv1      0.01102   -0.216196     0.38669    0.281368    0.237931    -0.05402
bWaitEnv2      0.17948   -0.183051     0.16614    0.157818   -0.055826    -0.18131
bStop1     -2.2177e-04    0.176128    -0.15523   -0.085618   -0.097981     0.32763
bStop2         0.04937    0.284488    -0.07975   -0.263036    0.111177     0.42845
bSafety1      -0.32796   -0.333595    -0.07286   -0.080294   -0.385719    -0.36163
bSafety2      -0.07951   -0.283447     0.09710   -0.012382   -0.215720    -0.37778
mAT           -0.16379   -0.100016    -0.08779    0.227978   -0.331277     0.08489
mWT            0.04443    0.370986    -0.17459   -0.137629    0.315848     0.47661
mTT           -0.41566   -0.469245    -0.22515   -0.235731   -0.055228    -0.50331
mTC            0.05087   -0.112486     0.04659    0.089112    0.095508     0.11037
mCro          -0.31439   -0.238440    -0.26080   -0.185316   -0.074900    -0.33854
mWaitEnv1      1.00000    0.442842     0.21566    0.337188    0.078615     0.21355
mWaitEnv2      0.44284    1.000000    -0.01441    0.090474    0.302938     0.40935
mStop1         0.21566   -0.014406     1.00000    0.602642    0.175456     0.25182
mStop2         0.33719    0.090474     0.60264    1.000000   -0.038194     0.24832
mSafety1       0.07862    0.302938     0.17546   -0.038194    1.000000     0.48015
mSafety2       0.21355    0.409348     0.25182    0.248321    0.480153     1.00000

Robust correlation matrix:
             asc_metro  asc_others         bAT         bWT         bTT         bTC
asc_metro     1.000000     0.79640     0.62938    0.482114    0.003712     0.33064
asc_others    0.796405     1.00000     0.76049    0.653217    0.065341     0.38820
bAT           0.629376     0.76049     1.00000    0.603052   -0.462330     0.50495
bWT           0.482114     0.65322     0.60305    1.000000   -0.367266     0.32157
bTT           0.003712     0.06534    -0.46233   -0.367266    1.000000    -0.42661
bTC           0.330638     0.38820     0.50495    0.321568   -0.426606     1.00000
bCro         -0.094178    -0.26430    -0.57594   -0.599504    0.596789    -0.45154
bWaitEnv1    -0.613084    -0.52589    -0.49420   -0.335791    0.067117    -0.32539
bWaitEnv2    -0.295887    -0.22790    -0.31204   -0.340443    0.255291    -0.57159
bStop1        0.606250     0.51672     0.48463    0.054718    0.032390     0.37919
bStop2        0.605287     0.49741     0.39866    0.124898    0.171953     0.07034
bSafety1      0.064836     0.12299     0.20934    0.233170   -0.285392    -0.32637
bSafety2      0.004373     0.10309     0.11323    0.246917   -0.311279     0.17757
mAT          -0.061408     0.03291     0.09403   -0.258956    0.067809    -0.01800
mWT           0.001538     0.02530    -0.07886   -0.069433    0.141192    -0.10391
mTT          -0.399865    -0.17782    -0.21733    0.200355   -0.012995    -0.29819
mTC          -0.220254     0.19163     0.23695    0.008431   -0.036375     0.39791
mCro         -0.381498    -0.16275    -0.03753    0.363968   -0.320474    -0.04360
mWaitEnv1     0.247259     0.16140     0.10852   -0.278106    0.265788     0.22796
mWaitEnv2     0.178724     0.22374     0.09613    0.149079    0.156564    -0.21700
mStop1       -0.088329    -0.08880    -0.06548   -0.303037    0.157382     0.11049
mStop2       -0.206790    -0.08220    -0.04319   -0.332025    0.131952     0.23017
mSafety1     -0.262684    -0.04677    -0.09356    0.227744   -0.012880    -0.06385
mSafety2     -0.067157     0.05958     0.05752   -0.311176    0.200380     0.13928
                  bCro   bWaitEnv1   bWaitEnv2      bStop1      bStop2    bSafety1
asc_metro     -0.09418    -0.61308    -0.29589     0.60625    0.605287    0.064836
asc_others    -0.26430    -0.52589    -0.22790     0.51672    0.497413    0.122987
bAT           -0.57594    -0.49420    -0.31204     0.48463    0.398657    0.209340
bWT           -0.59950    -0.33579    -0.34044     0.05472    0.124898    0.233170
bTT            0.59679     0.06712     0.25529     0.03239    0.171953   -0.285392
bTC           -0.45154    -0.32539    -0.57159     0.37919    0.070336   -0.326369
bCro           1.00000    -0.08501     0.09926     0.10001    0.129201   -0.201912
bWaitEnv1     -0.08501     1.00000     0.57197    -0.64425   -0.570954    0.113169
bWaitEnv2      0.09926     0.57197     1.00000    -0.35685   -0.258431    0.397479
bStop1         0.10001    -0.64425    -0.35685     1.00000    0.798058   -0.395936
bStop2         0.12920    -0.57095    -0.25843     0.79806    1.000000   -0.290706
bSafety1      -0.20191     0.11317     0.39748    -0.39594   -0.290706    1.000000
bSafety2      -0.46135     0.28761     0.29395    -0.39642   -0.469801    0.528685
mAT            0.01943     0.01143     0.19283     0.29470    0.110968    0.004036
mWT            0.34458    -0.25723     0.04954     0.10915    0.190223   -0.060000
mTT           -0.16393     0.49363     0.19062    -0.70200   -0.517706    0.368323
mTC           -0.24043     0.02823    -0.04837     0.11577   -0.079227   -0.144672
mCro          -0.46368     0.43128     0.04465    -0.68950   -0.599435    0.354068
mWaitEnv1      0.21642    -0.34719    -0.13312     0.67280    0.491922   -0.539430
mWaitEnv2      0.24544    -0.43933    -0.11662     0.34972    0.390478   -0.110159
mStop1        -0.08971     0.20589     0.09294     0.15515   -0.002861   -0.253357
mStop2        -0.10020     0.15021     0.08724     0.20429   -0.097984   -0.307121
mSafety1      -0.21707     0.35229     0.15554    -0.38932   -0.183821   -0.071557
mSafety2       0.12414    -0.07988     0.07034     0.43272    0.343304   -0.399543
              bSafety2         mAT         mWT         mTT         mTC        mCro
asc_metro     0.004373   -0.061408    0.001538    -0.39986   -0.220254    -0.38150
asc_others    0.103086    0.032911    0.025297    -0.17782    0.191631    -0.16275
bAT           0.113230    0.094028   -0.078856    -0.21733    0.236947    -0.03753
bWT           0.246917   -0.258956   -0.069433     0.20036    0.008431     0.36397
bTT          -0.311279    0.067809    0.141192    -0.01299   -0.036375    -0.32047
bTC           0.177567   -0.018002   -0.103906    -0.29819    0.397909    -0.04360
bCro         -0.461347    0.019427    0.344580    -0.16393   -0.240432    -0.46368
bWaitEnv1     0.287612    0.011432   -0.257233     0.49363    0.028226     0.43128
bWaitEnv2     0.293949    0.192832    0.049537     0.19062   -0.048373     0.04465
bStop1       -0.396422    0.294703    0.109151    -0.70200    0.115768    -0.68950
bStop2       -0.469801    0.110968    0.190223    -0.51771   -0.079227    -0.59943
bSafety1      0.528685    0.004036   -0.060000     0.36832   -0.144672     0.35407
bSafety2      1.000000   -0.018981   -0.370520     0.27759    0.237316     0.49311
mAT          -0.018981    1.000000   -0.155698    -0.24799    0.166890    -0.29647
mWT          -0.370520   -0.155698    1.000000    -0.30932   -0.261429    -0.37637
mTT           0.277594   -0.247989   -0.309324     1.00000   -0.072926     0.81619
mTC           0.237316    0.166890   -0.261429    -0.07293    1.000000     0.10979
mCro          0.493107   -0.296471   -0.376369     0.81619    0.109792     1.00000
mWaitEnv1    -0.416811    0.201663    0.005048    -0.73147    0.241395    -0.68802
mWaitEnv2    -0.363358   -0.088267    0.439243    -0.38467   -0.126899    -0.39638
mStop1       -0.100285    0.329424   -0.170354    -0.42031    0.154159    -0.35536
mStop2       -0.039867    0.394090   -0.163989    -0.37143    0.327126    -0.29640
mSafety1      0.013464   -0.501300    0.196931     0.28525    0.017816     0.29661
mSafety2     -0.365389    0.185050    0.389780    -0.59693    0.266069    -0.62556
             mWaitEnv1   mWaitEnv2      mStop1      mStop2    mSafety1    mSafety2
asc_metro     0.247259     0.17872   -0.088329    -0.20679    -0.26268    -0.06716
asc_others    0.161397     0.22374   -0.088799    -0.08220    -0.04677     0.05958
bAT           0.108517     0.09613   -0.065483    -0.04319    -0.09356     0.05752
bWT          -0.278106     0.14908   -0.303037    -0.33203     0.22774    -0.31118
bTT           0.265788     0.15656    0.157382     0.13195    -0.01288     0.20038
bTC           0.227955    -0.21700    0.110490     0.23017    -0.06385     0.13928
bCro          0.216419     0.24544   -0.089712    -0.10020    -0.21707     0.12414
bWaitEnv1    -0.347192    -0.43933    0.205886     0.15021     0.35229    -0.07988
bWaitEnv2    -0.133122    -0.11662    0.092938     0.08724     0.15554     0.07034
bStop1        0.672798     0.34972    0.155151     0.20429    -0.38932     0.43272
bStop2        0.491922     0.39048   -0.002861    -0.09798    -0.18382     0.34330
bSafety1     -0.539430    -0.11016   -0.253357    -0.30712    -0.07156    -0.39954
bSafety2     -0.416811    -0.36336   -0.100285    -0.03987     0.01346    -0.36539
mAT           0.201663    -0.08827    0.329424     0.39409    -0.50130     0.18505
mWT           0.005048     0.43924   -0.170354    -0.16399     0.19693     0.38978
mTT          -0.731466    -0.38467   -0.420310    -0.37143     0.28525    -0.59693
mTC           0.241395    -0.12690    0.154159     0.32713     0.01782     0.26607
mCro         -0.688023    -0.39638   -0.355357    -0.29640     0.29661    -0.62556
mWaitEnv1     1.000000     0.39791    0.460233     0.50873    -0.24699     0.59608
mWaitEnv2     0.397912     1.00000   -0.102764    -0.08181     0.02854     0.35065
mStop1        0.460233    -0.10276    1.000000     0.83431     0.05763     0.52811
mStop2        0.508732    -0.08181    0.834306     1.00000     0.01903     0.58015
mSafety1     -0.246990     0.02854    0.057629     0.01903     1.00000     0.22124
mSafety2      0.596083     0.35065    0.528111     0.58015     0.22124     1.00000

 20 most extreme outliers in terms of lowest average per choice prediction:
  ID Avg prob per choice
 122           0.1200354
 221           0.1200354
 253           0.1200354
 351           0.1200354
 494           0.1200354
 601           0.1200354
 988           0.1200354
 486           0.1294643
 878           0.1294643
 134           0.1367693
  35           0.1396122
  93           0.1396122
 138           0.1396122
 159           0.1396122
 250           0.1396122
 259           0.1396122
 301           0.1396122
 365           0.1396122
 378           0.1396122
 470           0.1396122

Changes in parameter estimates from starting values:
               Initial    Estimate  Difference
asc_bus          0.000    0.000000    0.000000
asc_metro        0.000    1.623351    1.623351
asc_others       0.000    0.274224    0.274224
bAT              0.000    0.017110    0.017110
bWT              0.000    0.044345    0.044345
bTT              0.000   -0.030214   -0.030214
bTC              0.000    0.109758    0.109758
bCro             0.000    0.069437    0.069437
bWaitEnv1        0.000   -0.546352   -0.546352
bWaitEnv2        0.000    0.532803    0.532803
bStop1           0.000    0.121594    0.121594
bStop2           0.000   -0.603157   -0.603157
bSafety1         0.000    0.205163    0.205163
bSafety2         0.000    0.751753    0.751753
mAT              0.000   -0.110169   -0.110169
mWT              0.000    0.053247    0.053247
mTT              0.000   -0.007954   -0.007954
mTC              0.000    0.025369    0.025369
mCro             0.000    0.561644    0.561644
mWaitEnv1        0.000    0.727487    0.727487
mWaitEnv2        0.000   -0.049614   -0.049614
mStop1           0.000   -0.387460   -0.387460
mStop2           0.000   -0.283674   -0.283674
mSafety1         0.000    0.586051    0.586051
mSafety2         0.000   -0.122616   -0.122616

Settings and functions used in model definition:

apollo_control
--------------
                       Value                             
modelName              "gs_mnl_nonPT_01"                 
modelDescr             "Simple MNL on Gender safety data"
indivID                "id"                              
outputDirectory        "results/"                        
debug                  "FALSE"                           
nCores                 "1"                               
workInLogs             "FALSE"                           
seed                   "13"                              
