Model run by geojch using Apollo 0.3.4 on R 4.4.1 for Windows.
Please acknowledge the use of Apollo by citing Hess & Palma (2019)
  DOI 10.1016/j.jocm.2019.100170
  www.ApolloChoiceModelling.com

Model name                                  : gs_mnl_02
Model description                           : Simple MNL on Gender safety data
Model run at                                : 2024-12-19 10:11:40.140758
Estimation method                           : bgw
Model diagnosis                             : Relative function convergence
Optimisation diagnosis                      : Maximum found
     hessian properties                     : Negative definite
     maximum eigenvalue                     : -1.444268
     reciprocal of condition number         : 4.34707e-07
Number of individuals                       : 1000
Number of rows in database                  : 3000
Number of modelled outcomes                 : 3000

Number of cores used                        :  1 
Model without mixing

LL(start)                                   : -3295.84
LL at equal shares, LL(0)                   : -3295.84
LL at observed shares, LL(C)                : -2718.85
LL(final)                                   : -2568.15
Rho-squared vs equal shares                  :  0.2208 
Adj.Rho-squared vs equal shares              :  0.2135 
Rho-squared vs observed shares               :  0.0554 
Adj.Rho-squared vs observed shares           :  0.0473 
AIC                                         :  5184.3 
BIC                                         :  5328.45 

Estimated parameters                        : 24
Time taken (hh:mm:ss)                       :  00:00:2.47 
     pre-estimation                         :  00:00:0.77 
     estimation                             :  00:00:0.3 
     post-estimation                        :  00:00:1.41 
Iterations                                  :  10  

Unconstrained optimisation.

Estimates:
              Estimate        s.e.   t.rat.(0)    Rob.s.e. Rob.t.rat.(0)
asc_bus       0.000000          NA          NA          NA            NA
asc_metro     0.401523    0.676008      0.5940    0.786513        0.5105
asc_others   -0.282278    0.529973     -0.5326    0.522397       -0.5404
bAT           0.016689    0.015760      1.0589    0.014095        1.1841
bWT          -0.019274    0.016715     -1.1531    0.017699       -1.0890
bTT          -0.009914    0.007108     -1.3947    0.007410       -1.3378
bTC           0.081383    0.014375      5.6613    0.016386        4.9667
bCro         -0.196025    0.165101     -1.1873    0.178438       -1.0986
bWaitEnv1     0.073595    0.162537      0.4528    0.168027        0.4380
bWaitEnv2     1.470089    0.267393      5.4979    0.220977        6.6527
bStop1       -0.173159    0.229753     -0.7537    0.217810       -0.7950
bStop2       -0.416562    0.201995     -2.0622    0.194079       -2.1464
bSafety1      0.646415    0.198994      3.2484    0.186223        3.4712
bSafety2      0.872025    0.251827      3.4628    0.193331        4.5105
mAT          -0.053786    0.016801     -3.2013    0.013217       -4.0694
mWT           0.047010    0.030954      1.5187    0.025705        1.8288
mTT          -0.002075    0.006783     -0.3059    0.007463       -0.2780
mTC           0.021573    0.006867      3.1414    0.007823        2.7574
mCro          0.287913    0.145131      1.9838    0.167040        1.7236
mWaitEnv1     0.737639    0.215997      3.4151    0.222178        3.3200
mWaitEnv2    -0.494763    0.147922     -3.3448    0.160507       -3.0825
mStop1        0.487175    0.166274      2.9299    0.169134        2.8804
mStop2        0.262163    0.139810      1.8751    0.145925        1.7966
mSafety1      0.470715    0.159015      2.9602    0.136491        3.4487
mSafety2      0.369273    0.163713      2.2556    0.145664        2.5351


Overview of choices for MNL model component :
                                     bus  metro  others
Times available                  3000.00 3000.0 3000.00
Times chosen                      989.00 1728.0  283.00
Percentage chosen overall          32.97   57.6    9.43
Percentage chosen when available   32.97   57.6    9.43



Classical covariance matrix:
             asc_metro  asc_others         bAT         bWT         bTT         bTC
asc_metro     0.456987    0.265362    0.004430    0.002425  8.0754e-04    0.001658
asc_others    0.265362    0.280872    0.005147    0.004438  9.0889e-04    0.001970
bAT           0.004430    0.005147  2.4837e-04  1.6895e-04  -5.688e-05  1.4320e-04
bWT           0.002425    0.004438  1.6895e-04  2.7939e-04  -3.285e-05   7.322e-05
bTT         8.0754e-04  9.0889e-04  -5.688e-05  -3.285e-05   5.053e-05  -5.710e-05
bTC           0.001658    0.001970  1.4320e-04   7.322e-05  -5.710e-05  2.0665e-04
bCro          0.030232    0.008714   -0.001259   -0.001378  5.9648e-04   -0.001157
bWaitEnv1    -0.041694   -0.027262   -0.001302 -8.0162e-04  3.3747e-04 -8.4795e-04
bWaitEnv2    -0.015187   -0.030375   -0.002096   -0.001616  7.7955e-04   -0.001814
bStop1        0.067550    0.057316    0.002113  9.1081e-04 -4.8617e-04    0.001399
bStop2        0.064618    0.048839    0.001144  7.4792e-04 -1.7484e-04  6.4038e-04
bSafety1      0.008030    0.015067  3.0957e-04  2.4599e-04   1.544e-05 -4.7122e-04
bSafety2     -0.001071   -0.001433 -4.9980e-04  -6.652e-05  2.3627e-04 -2.3975e-04
mAT        -5.9501e-04    0.001919   9.315e-05   3.746e-05  -1.712e-05   3.542e-05
mWT         4.0005e-04 -6.2426e-04  -2.868e-05  -2.196e-05  -7.057e-06   2.149e-05
mTT          -0.001317  2.9500e-04  -4.184e-06   1.612e-05   1.301e-05  -2.236e-05
mTC        -9.5243e-04  9.7964e-04   2.259e-05   2.551e-05   2.069e-06   2.443e-05
mCro         -0.057568   -0.020670   9.630e-05  4.6379e-04 -2.6227e-04  1.9150e-04
mWaitEnv1    -0.012765   -0.038218   -0.001512   -0.001514  3.1980e-04 -5.4305e-04
mWaitEnv2    -0.005156   -0.006021 -3.8645e-04  1.8169e-04   7.347e-05 -5.6792e-04
mStop1        0.003936   -0.004625 -5.7845e-04 -6.4341e-04  2.3273e-04 -1.7401e-04
mStop2       -0.027738   -0.022795 -4.7075e-04 -6.5554e-04  -6.076e-06  -7.631e-05
mSafety1     -0.017499   -0.001885 -2.9882e-04  3.5994e-04   9.478e-05   6.389e-05
mSafety2      0.005935    0.013285  3.9985e-04   3.306e-06 -1.2973e-04  6.3603e-04
                  bCro   bWaitEnv1   bWaitEnv2      bStop1      bStop2    bSafety1
asc_metro     0.030232   -0.041694   -0.015187    0.067550    0.064618    0.008030
asc_others    0.008714   -0.027262   -0.030375    0.057316    0.048839    0.015067
bAT          -0.001259   -0.001302   -0.002096    0.002113    0.001144  3.0957e-04
bWT          -0.001378 -8.0162e-04   -0.001616  9.1081e-04  7.4792e-04  2.4599e-04
bTT         5.9648e-04  3.3747e-04  7.7955e-04 -4.8617e-04 -1.7484e-04   1.544e-05
bTC          -0.001157 -8.4795e-04   -0.001814    0.001399  6.4038e-04 -4.7122e-04
bCro          0.027258  2.6282e-04    0.003555    0.002229    0.007655   -0.007682
bWaitEnv1   2.6282e-04    0.026418    0.022509   -0.022956   -0.018054    0.006482
bWaitEnv2     0.003555    0.022509    0.071499   -0.038404   -0.027183    0.026119
bStop1        0.002229   -0.022956   -0.038404    0.052786    0.035924   -0.019005
bStop2        0.007655   -0.018054   -0.027183    0.035924    0.040802   -0.017621
bSafety1     -0.007682    0.006482    0.026119   -0.019005   -0.017621    0.039599
bSafety2     -0.013483    0.015709    0.038546   -0.032870   -0.026394    0.036695
mAT        -1.8233e-04 -4.4625e-04   -0.001481    0.001624  2.8856e-04  -3.502e-05
mWT           0.001163   -0.001490 -1.1883e-04    0.001359    0.002052   -0.002271
mTT        -1.8121e-04  3.6169e-04  3.3322e-04 -6.9807e-04 -6.1669e-04  6.2376e-04
mTC        -2.4319e-04  1.4352e-04 -1.3943e-04   8.110e-05  -1.811e-05   7.923e-05
mCro         -0.012583    0.005859   -0.002535   -0.011384   -0.012294    0.009201
mWaitEnv1     0.007379 -4.8135e-04    0.018529   -0.003433 -3.7017e-04   -0.011590
mWaitEnv2     0.005731   -0.006777   -0.008055    0.007861    0.011871   -0.012142
mStop1        0.002136    0.012648    0.007732   -0.007711   -0.002628   -0.001180
mStop2       -0.001320    0.007236    0.007685   -0.003410   -0.009274   -0.001339
mSafety1      0.001517    0.003994   -0.007227 -4.4655e-04    0.007409   -0.015012
mSafety2      0.003251   -0.004954   -0.013815    0.017991    0.018510   -0.015353
              bSafety2         mAT         mWT         mTT         mTC        mCro
asc_metro    -0.001071 -5.9501e-04  4.0005e-04   -0.001317 -9.5243e-04   -0.057568
asc_others   -0.001433    0.001919 -6.2426e-04  2.9500e-04  9.7964e-04   -0.020670
bAT        -4.9980e-04   9.315e-05  -2.868e-05  -4.184e-06   2.259e-05   9.630e-05
bWT         -6.652e-05   3.746e-05  -2.196e-05   1.612e-05   2.551e-05  4.6379e-04
bTT         2.3627e-04  -1.712e-05  -7.057e-06   1.301e-05   2.069e-06 -2.6227e-04
bTC        -2.3975e-04   3.542e-05   2.149e-05  -2.236e-05   2.443e-05  1.9150e-04
bCro         -0.013483 -1.8233e-04    0.001163 -1.8121e-04 -2.4319e-04   -0.012583
bWaitEnv1     0.015709 -4.4625e-04   -0.001490  3.6169e-04  1.4352e-04    0.005859
bWaitEnv2     0.038546   -0.001481 -1.1883e-04  3.3322e-04 -1.3943e-04   -0.002535
bStop1       -0.032870    0.001624    0.001359 -6.9807e-04   8.110e-05   -0.011384
bStop2       -0.026394  2.8856e-04    0.002052 -6.1669e-04  -1.811e-05   -0.012294
bSafety1      0.036695  -3.502e-05   -0.002271  6.2376e-04   7.923e-05    0.009201
bSafety2      0.063417   -0.001327   -0.003515  5.7254e-04  3.7312e-04    0.011390
mAT          -0.001327  2.8228e-04  -9.127e-05   1.988e-06   2.060e-05   2.026e-06
mWT          -0.003515  -9.127e-05  9.5814e-04 -1.0120e-04  -5.764e-05   -0.001913
mTT         5.7254e-04   1.988e-06 -1.0120e-04   4.600e-05   9.124e-06  5.7290e-04
mTC         3.7312e-04   2.060e-05  -5.764e-05   9.124e-06   4.716e-05  1.7090e-04
mCro          0.011390   2.026e-06   -0.001913  5.7290e-04  1.7090e-04    0.021063
mWaitEnv1  -9.3448e-04 -9.1712e-04  7.6139e-04 -5.9002e-04  -5.896e-05   -0.010341
mWaitEnv2    -0.013493 -2.6273e-04    0.001923 -4.5367e-04 -1.4146e-04   -0.006292
mStop1        0.009028 -5.0454e-04   -0.001155 -2.0022e-04  1.2834e-04   -0.004300
mStop2        0.001445  4.7701e-04 -5.6698e-04 -2.0572e-04   8.089e-05   -0.002117
mSafety1     -0.010298 -8.3818e-04    0.001508 -1.3908e-04  1.4604e-04   -0.001867
mSafety2     -0.018328  2.2988e-04    0.002565 -6.4639e-04  1.2669e-04   -0.008624
             mWaitEnv1   mWaitEnv2      mStop1      mStop2    mSafety1    mSafety2
asc_metro    -0.012765   -0.005156    0.003936   -0.027738   -0.017499    0.005935
asc_others   -0.038218   -0.006021   -0.004625   -0.022795   -0.001885    0.013285
bAT          -0.001512 -3.8645e-04 -5.7845e-04 -4.7075e-04 -2.9882e-04  3.9985e-04
bWT          -0.001514  1.8169e-04 -6.4341e-04 -6.5554e-04  3.5994e-04   3.306e-06
bTT         3.1980e-04   7.347e-05  2.3273e-04  -6.076e-06   9.478e-05 -1.2973e-04
bTC        -5.4305e-04 -5.6792e-04 -1.7401e-04  -7.631e-05   6.389e-05  6.3603e-04
bCro          0.007379    0.005731    0.002136   -0.001320    0.001517    0.003251
bWaitEnv1  -4.8135e-04   -0.006777    0.012648    0.007236    0.003994   -0.004954
bWaitEnv2     0.018529   -0.008055    0.007732    0.007685   -0.007227   -0.013815
bStop1       -0.003433    0.007861   -0.007711   -0.003410 -4.4655e-04    0.017991
bStop2     -3.7017e-04    0.011871   -0.002628   -0.009274    0.007409    0.018510
bSafety1     -0.011590   -0.012142   -0.001180   -0.001339   -0.015012   -0.015353
bSafety2   -9.3448e-04   -0.013493    0.009028    0.001445   -0.010298   -0.018328
mAT        -9.1712e-04 -2.6273e-04 -5.0454e-04  4.7701e-04 -8.3818e-04  2.2988e-04
mWT         7.6139e-04    0.001923   -0.001155 -5.6698e-04    0.001508    0.002565
mTT        -5.9002e-04 -4.5367e-04 -2.0022e-04 -2.0572e-04 -1.3908e-04 -6.4639e-04
mTC         -5.896e-05 -1.4146e-04  1.2834e-04   8.089e-05  1.4604e-04  1.2669e-04
mCro         -0.010341   -0.006292   -0.004300   -0.002117   -0.001867   -0.008624
mWaitEnv1     0.046655    0.012282    0.005839    0.010172    0.001433    0.004985
mWaitEnv2     0.012282    0.021881   -0.001805 -1.3125e-04    0.008454    0.010275
mStop1        0.005839   -0.001805    0.027647    0.012126    0.005612    0.005352
mStop2        0.010172 -1.3125e-04    0.012126    0.019547   -0.001793    0.003545
mSafety1      0.001433    0.008454    0.005612   -0.001793    0.025286    0.013161
mSafety2      0.004985    0.010275    0.005352    0.003545    0.013161    0.026802

Robust covariance matrix:
             asc_metro  asc_others         bAT         bWT         bTT         bTC
asc_metro     0.618602    0.319929    0.004599    0.001360    0.001245    0.001715
asc_others    0.319929    0.272899    0.004448    0.003280    0.001139    0.001660
bAT           0.004599    0.004448  1.9866e-04  1.3787e-04  -4.917e-05  1.3590e-04
bWT           0.001360    0.003280  1.3787e-04  3.1327e-04  -4.556e-05   5.637e-05
bTT           0.001245    0.001139  -4.917e-05  -4.556e-05   5.491e-05  -6.256e-05
bTC           0.001715    0.001660  1.3590e-04   5.637e-05  -6.256e-05  2.6849e-04
bCro          0.055613    0.019913   -0.001081   -0.001711  7.7106e-04   -0.001396
bWaitEnv1    -0.077372   -0.043038 -9.3918e-04 -7.5267e-04   7.110e-05 -4.4640e-04
bWaitEnv2    -0.024975   -0.018606   -0.001143   -0.001543  6.1706e-04   -0.001432
bStop1        0.113895    0.065715    0.001586  2.0408e-04 -1.5496e-04    0.001223
bStop2        0.104438    0.058152    0.001072  5.2723e-04   7.285e-05  2.6422e-04
bSafety1     -0.005155    0.004484  2.7568e-04  3.7346e-04 -1.5802e-04 -6.2233e-04
bSafety2     -0.023722   -0.006843  3.0341e-04  5.4951e-04 -3.1041e-04  8.1925e-04
mAT        -3.5691e-04  7.0465e-04   2.044e-05  -4.020e-05   4.202e-06   6.593e-06
mWT           0.004160    0.001904   3.861e-06  -1.723e-05   1.395e-05  -2.701e-05
mTT          -0.003212 -8.7656e-04  -2.541e-05   1.063e-05   9.771e-06  -3.663e-05
mTC          -0.001531  5.7431e-04   3.585e-05   1.043e-05  -8.099e-06   6.071e-05
mCro         -0.098509   -0.040072 -2.0327e-04  9.2521e-04 -3.9050e-04   6.007e-05
mWaitEnv1     0.061337    0.019820 -1.8255e-04   -0.001184  4.2194e-04  2.5191e-04
mWaitEnv2     0.029512    0.021706   6.517e-05  7.6693e-04  1.7101e-04   -0.001061
mStop1       -0.013129   -0.014578 -3.7814e-04 -8.6970e-04  1.6126e-04  3.6457e-04
mStop2       -0.027253   -0.014871 -3.2655e-04 -9.1502e-04  1.1583e-04  4.7418e-04
mSafety1     -0.033816   -0.009113  -4.112e-05  7.1673e-04  -6.587e-05  -2.783e-05
mSafety2      0.022223    0.017345  4.0875e-04 -4.8665e-04   5.998e-05  6.0292e-04
                  bCro   bWaitEnv1   bWaitEnv2      bStop1      bStop2    bSafety1
asc_metro     0.055613   -0.077372   -0.024975    0.113895    0.104438   -0.005155
asc_others    0.019913   -0.043038   -0.018606    0.065715    0.058152    0.004484
bAT          -0.001081 -9.3918e-04   -0.001143    0.001586    0.001072  2.7568e-04
bWT          -0.001711 -7.5267e-04   -0.001543  2.0408e-04  5.2723e-04  3.7346e-04
bTT         7.7106e-04   7.110e-05  6.1706e-04 -1.5496e-04   7.285e-05 -1.5802e-04
bTC          -0.001396 -4.4640e-04   -0.001432    0.001223  2.6422e-04 -6.2233e-04
bCro          0.031840   -0.008332    0.002189    0.009271    0.009811   -0.006020
bWaitEnv1    -0.008332    0.028233    0.022006   -0.024075   -0.021592    0.008909
bWaitEnv2     0.002189    0.022006    0.048831   -0.018064   -0.014199    0.014582
bStop1        0.009271   -0.024075   -0.018064    0.047441    0.034338   -0.015687
bStop2        0.009811   -0.021592   -0.014199    0.034338    0.037667   -0.013276
bSafety1     -0.006020    0.008909    0.014582   -0.015687   -0.013276    0.034679
bSafety2     -0.018768    0.014360    0.015078   -0.016182   -0.017182    0.019976
mAT          4.126e-05  2.5741e-04  4.1900e-04  6.0094e-04 -1.5101e-04  3.7169e-04
mWT           0.001456   -0.001491 -2.1255e-04    0.001329    0.001695   -0.001231
mTT        -2.3023e-04  6.0447e-04  2.5061e-04   -0.001069 -8.1568e-04  5.4999e-04
mTC        -4.3661e-04  1.5408e-04  -5.169e-05  1.8115e-04 -1.4574e-04 -1.6860e-04
mCro         -0.017010    0.013335   -0.001590   -0.023567   -0.020655    0.008843
mWaitEnv1     0.011969   -0.011463    0.005040    0.022642    0.017689   -0.018821
mWaitEnv2     0.008152   -0.013570   -0.006779    0.010883    0.015275   -0.006951
mStop1       -0.004651    0.011722    0.010706   -0.003434   -0.005515   -0.002317
mStop2       -0.003499    0.008308    0.008992 -1.7465e-04   -0.007568   -0.004460
mSafety1     -0.006628    0.004172  4.9047e-04   -0.007433 -5.5224e-04   -0.007133
mSafety2      0.002989   -0.004243    0.001268    0.014738    0.012284   -0.010405
              bSafety2         mAT         mWT         mTT         mTC        mCro
asc_metro    -0.023722 -3.5691e-04    0.004160   -0.003212   -0.001531   -0.098509
asc_others   -0.006843  7.0465e-04    0.001904 -8.7656e-04  5.7431e-04   -0.040072
bAT         3.0341e-04   2.044e-05   3.861e-06  -2.541e-05   3.585e-05 -2.0327e-04
bWT         5.4951e-04  -4.020e-05  -1.723e-05   1.063e-05   1.043e-05  9.2521e-04
bTT        -3.1041e-04   4.202e-06   1.395e-05   9.771e-06  -8.099e-06 -3.9050e-04
bTC         8.1925e-04   6.593e-06  -2.701e-05  -3.663e-05   6.071e-05   6.007e-05
bCro         -0.018768   4.126e-05    0.001456 -2.3023e-04 -4.3661e-04   -0.017010
bWaitEnv1     0.014360  2.5741e-04   -0.001491  6.0447e-04  1.5408e-04    0.013335
bWaitEnv2     0.015078  4.1900e-04 -2.1255e-04  2.5061e-04  -5.169e-05   -0.001590
bStop1       -0.016182  6.0094e-04    0.001329   -0.001069  1.8115e-04   -0.023567
bStop2       -0.017182 -1.5101e-04    0.001695 -8.1568e-04 -1.4574e-04   -0.020655
bSafety1      0.019976  3.7169e-04   -0.001231  5.4999e-04 -1.6860e-04    0.008843
bSafety2      0.037377   6.308e-05   -0.002529  2.8656e-04  4.6773e-04    0.012978
mAT          6.308e-05  1.7469e-04  -7.913e-05   3.736e-06   1.934e-05 -2.3929e-04
mWT          -0.002529  -7.913e-05  6.6076e-04  -8.321e-05  -5.448e-05   -0.001885
mTT         2.8656e-04   3.736e-06  -8.321e-05   5.569e-05  -8.630e-07  8.8680e-04
mTC         4.6773e-04   1.934e-05  -5.448e-05  -8.630e-07   6.121e-05  2.5677e-04
mCro          0.012978 -2.3929e-04   -0.001885  8.8680e-04  2.5677e-04    0.027902
mWaitEnv1    -0.010662 -1.4898e-04  6.5459e-04   -0.001035  1.9042e-04   -0.022083
mWaitEnv2    -0.013498 -5.0549e-04    0.001810 -4.0962e-04 -2.7527e-04   -0.008867
mStop1        0.007134  3.1176e-04   -0.001024 -2.5362e-04  2.1349e-04   -0.004262
mStop2        0.004079  5.8130e-04 -6.5832e-04 -1.8931e-04  3.2821e-04   -0.002679
mSafety1     -0.002826 -8.8702e-04  9.6375e-04   6.306e-05   8.638e-05    0.005207
mSafety2     -0.007868   4.505e-05    0.001925 -6.3155e-04  2.7593e-04   -0.013662
             mWaitEnv1   mWaitEnv2      mStop1      mStop2    mSafety1    mSafety2
asc_metro     0.061337    0.029512   -0.013129   -0.027253   -0.033816    0.022223
asc_others    0.019820    0.021706   -0.014578   -0.014871   -0.009113    0.017345
bAT        -1.8255e-04   6.517e-05 -3.7814e-04 -3.2655e-04  -4.112e-05  4.0875e-04
bWT          -0.001184  7.6693e-04 -8.6970e-04 -9.1502e-04  7.1673e-04 -4.8665e-04
bTT         4.2194e-04  1.7101e-04  1.6126e-04  1.1583e-04  -6.587e-05   5.998e-05
bTC         2.5191e-04   -0.001061  3.6457e-04  4.7418e-04  -2.783e-05  6.0292e-04
bCro          0.011969    0.008152   -0.004651   -0.003499   -0.006628    0.002989
bWaitEnv1    -0.011463   -0.013570    0.011722    0.008308    0.004172   -0.004243
bWaitEnv2     0.005040   -0.006779    0.010706    0.008992  4.9047e-04    0.001268
bStop1        0.022642    0.010883   -0.003434 -1.7465e-04   -0.007433    0.014738
bStop2        0.017689    0.015275   -0.005515   -0.007568 -5.5224e-04    0.012284
bSafety1     -0.018821   -0.006951   -0.002317   -0.004460   -0.007133   -0.010405
bSafety2     -0.010662   -0.013498    0.007134    0.004079   -0.002826   -0.007868
mAT        -1.4898e-04 -5.0549e-04  3.1176e-04  5.8130e-04 -8.8702e-04   4.505e-05
mWT         6.5459e-04    0.001810   -0.001024 -6.5832e-04  9.6375e-04    0.001925
mTT          -0.001035 -4.0962e-04 -2.5362e-04 -1.8931e-04   6.306e-05 -6.3155e-04
mTC         1.9042e-04 -2.7527e-04  2.1349e-04  3.2821e-04   8.638e-05  2.7593e-04
mCro         -0.022083   -0.008867   -0.004262   -0.002679    0.005207   -0.013662
mWaitEnv1     0.049363    0.012852    0.012276    0.012874   -0.002227    0.015976
mWaitEnv2     0.012852    0.025762   -0.007039   -0.005494    0.004906    0.006398
mStop1        0.012276   -0.007039    0.028606    0.019710    0.002232    0.008634
mStop2        0.012874   -0.005494    0.019710    0.021294  6.6707e-04    0.008965
mSafety1     -0.002227    0.004906    0.002232  6.6707e-04    0.018630    0.005953
mSafety2      0.015976    0.006398    0.008634    0.008965    0.005953    0.021218

Classical correlation matrix:
             asc_metro  asc_others         bAT         bWT         bTT         bTC
asc_metro     1.000000     0.74068     0.41578    0.214606    0.168054     0.17063
asc_others    0.740685     1.00000     0.61625    0.501019    0.241267     0.25861
bAT           0.415784     0.61625     1.00000    0.641364   -0.507703     0.63211
bWT           0.214606     0.50102     0.64136    1.000000   -0.276505     0.30472
bTT           0.168054     0.24127    -0.50770   -0.276505    1.000000    -0.55882
bTC           0.170631     0.25861     0.63211    0.304717   -0.558815     1.00000
bCro          0.270869     0.09959    -0.48377   -0.499453    0.508261    -0.48743
bWaitEnv1    -0.379461    -0.31648    -0.50847   -0.295060    0.292093    -0.36291
bWaitEnv2    -0.084017    -0.21434    -0.49730   -0.361590    0.410141    -0.47200
bStop1        0.434921     0.47071     0.58349    0.237170   -0.297692     0.42359
bStop2        0.473217     0.45621     0.35949    0.221516   -0.121769     0.22054
bSafety1      0.059693     0.14287     0.09871    0.073955    0.010919    -0.16473
bSafety2     -0.006290    -0.01074    -0.12593   -0.015803    0.131989    -0.06623
mAT          -0.052388     0.21553     0.35179    0.133375   -0.143335     0.14666
mWT           0.019118    -0.03805    -0.05878   -0.042449   -0.032072     0.04830
mTT          -0.287126     0.08207    -0.03914    0.142189    0.269746    -0.22928
mTC          -0.205165     0.26917     0.20877    0.222276    0.042377     0.24748
mCro         -0.586770    -0.26874     0.04210    0.191183   -0.254232     0.09179
mWaitEnv1    -0.087420    -0.33386    -0.44421   -0.419448    0.208292    -0.17490
mWaitEnv2    -0.051564    -0.07680    -0.16577    0.073486    0.069872    -0.26708
mStop1        0.035019    -0.05249    -0.22074   -0.231502    0.196914    -0.07280
mStop2       -0.293486    -0.30765    -0.21365   -0.280514   -0.006114    -0.03797
mSafety1     -0.162786    -0.02237    -0.11924    0.135421    0.083852     0.02795
mSafety2      0.053627     0.15312     0.15498    0.001208   -0.111484     0.27026
                  bCro   bWaitEnv1   bWaitEnv2      bStop1      bStop2    bSafety1
asc_metro     0.270869   -0.379461    -0.08402     0.43492    0.473217     0.05969
asc_others    0.099586   -0.316481    -0.21434     0.47071    0.456213     0.14287
bAT          -0.483774   -0.508469    -0.49730     0.58349    0.359486     0.09871
bWT          -0.499453   -0.295060    -0.36159     0.23717    0.221516     0.07395
bTT           0.508261    0.292093     0.41014    -0.29769   -0.121769     0.01092
bTC          -0.487432   -0.362914    -0.47200     0.42359    0.220539    -0.16473
bCro          1.000000    0.009794     0.08053     0.05877    0.229548    -0.23381
bWaitEnv1     0.009794    1.000000     0.51790    -0.61472   -0.549906     0.20041
bWaitEnv2     0.080528    0.517901     1.00000    -0.62512   -0.503283     0.49087
bStop1        0.058767   -0.614725    -0.62512     1.00000    0.774067    -0.41569
bStop2        0.229548   -0.549906    -0.50328     0.77407    1.000000    -0.43837
bSafety1     -0.233813    0.200411     0.49087    -0.41569   -0.438372     1.00000
bSafety2     -0.324287    0.383799     0.57244    -0.56812   -0.518866     0.73227
mAT          -0.065730   -0.163414    -0.32976     0.42067    0.085027    -0.01048
mWT           0.227510   -0.296238    -0.01436     0.19107    0.328114    -0.36874
mTT          -0.161822    0.328080     0.18373    -0.44796   -0.450119     0.46215
mTC          -0.214496    0.128580    -0.07593     0.05140   -0.013056     0.05798
mCro         -0.525148    0.248397    -0.06532    -0.34140   -0.419359     0.31859
mWaitEnv1     0.206926   -0.013711     0.32082    -0.06919   -0.008484    -0.26966
mWaitEnv2     0.234677   -0.281869    -0.20365     0.23131    0.397283    -0.41251
mStop1        0.077812    0.467985     0.17391    -0.20185   -0.078246    -0.03568
mStop2       -0.057181    0.318414     0.20556    -0.10615   -0.328375    -0.04815
mSafety1      0.057796    0.154530    -0.16997    -0.01222    0.230671    -0.47442
mSafety2      0.120294   -0.186185    -0.31558     0.47831    0.559721    -0.47127
              bSafety2         mAT         mWT         mTT         mTC        mCro
asc_metro    -0.006290    -0.05239     0.01912    -0.28713    -0.20516    -0.58677
asc_others   -0.010736     0.21553    -0.03805     0.08207     0.26917    -0.26874
bAT          -0.125934     0.35179    -0.05878    -0.03914     0.20877     0.04210
bWT          -0.015803     0.13338    -0.04245     0.14219     0.22228     0.19118
bTT           0.131989    -0.14334    -0.03207     0.26975     0.04238    -0.25423
bTC          -0.066229     0.14666     0.04830    -0.22928     0.24748     0.09179
bCro         -0.324287    -0.06573     0.22751    -0.16182    -0.21450    -0.52515
bWaitEnv1     0.383799    -0.16341    -0.29624     0.32808     0.12858     0.24840
bWaitEnv2     0.572441    -0.32976    -0.01436     0.18373    -0.07593    -0.06532
bStop1       -0.568120     0.42067     0.19107    -0.44796     0.05140    -0.34140
bStop2       -0.518866     0.08503     0.32811    -0.45012    -0.01306    -0.41936
bSafety1      0.732269    -0.01048    -0.36874     0.46215     0.05798     0.31859
bSafety2      1.000000    -0.31367    -0.45095     0.33520     0.21576     0.31165
mAT          -0.313670     1.00000    -0.17550     0.01744     0.17855  8.3108e-04
mWT          -0.450945    -0.17550     1.00000    -0.48202    -0.27115    -0.42588
mTT           0.335199     0.01744    -0.48202     1.00000     0.19589     0.58200
mTC           0.215756     0.17855    -0.27115     0.19589     1.00000     0.17147
mCro          0.311645  8.3108e-04    -0.42588     0.58200     0.17147     1.00000
mWaitEnv1    -0.017180    -0.25272     0.11388    -0.40274    -0.03975    -0.32987
mWaitEnv2    -0.362226    -0.10572     0.41998    -0.45218    -0.13925    -0.29310
mStop1        0.215597    -0.18061    -0.22442    -0.17754     0.11240    -0.17820
mStop2        0.041040     0.20307    -0.13101    -0.21694     0.08426    -0.10432
mSafety1     -0.257162    -0.31373     0.30638    -0.12895     0.13374    -0.08091
mSafety2     -0.444564     0.08357     0.50616    -0.58212     0.11268    -0.36295
             mWaitEnv1   mWaitEnv2      mStop1      mStop2    mSafety1    mSafety2
asc_metro    -0.087420   -0.051564     0.03502   -0.293486    -0.16279    0.053627
asc_others   -0.333865   -0.076802    -0.05249   -0.307647    -0.02237    0.153123
bAT          -0.444211   -0.165770    -0.22074   -0.213647    -0.11924    0.154976
bWT          -0.419448    0.073486    -0.23150   -0.280514     0.13542    0.001208
bTT           0.208292    0.069872     0.19691   -0.006114     0.08385   -0.111484
bTC          -0.174896   -0.267081    -0.07280   -0.037968     0.02795    0.270260
bCro          0.206926    0.234677     0.07781   -0.057181     0.05780    0.120294
bWaitEnv1    -0.013711   -0.281869     0.46799    0.318414     0.15453   -0.186185
bWaitEnv2     0.320817   -0.203655     0.17391    0.205559    -0.16997   -0.315582
bStop1       -0.069186    0.231307    -0.20185   -0.106153    -0.01222    0.478312
bStop2       -0.008484    0.397283    -0.07825   -0.328375     0.23067    0.559721
bSafety1     -0.269659   -0.412506    -0.03568   -0.048146    -0.47442   -0.471272
bSafety2     -0.017180   -0.362226     0.21560    0.041040    -0.25716   -0.444564
mAT          -0.252720   -0.105715    -0.18061    0.203071    -0.31373    0.083574
mWT           0.113879    0.419984    -0.22442   -0.131014     0.30638    0.506156
mTT          -0.402739   -0.452175    -0.17754   -0.216938    -0.12895   -0.582120
mTC          -0.039751   -0.139254     0.11240    0.084256     0.13374    0.112685
mCro         -0.329873   -0.293102    -0.17820   -0.104323    -0.08091   -0.362949
mWaitEnv1     1.000000    0.384407     0.16257    0.336851     0.04172    0.140970
mWaitEnv2     0.384407    1.000000    -0.07338   -0.006347     0.35941    0.424296
mStop1        0.162568   -0.073383     1.00000    0.521618     0.21224    0.196613
mStop2        0.336851   -0.006347     0.52162    1.000000    -0.08066    0.154895
mSafety1      0.041721    0.359409     0.21224   -0.080660     1.00000    0.505547
mSafety2      0.140970    0.424296     0.19661    0.154895     0.50555    1.000000

Robust correlation matrix:
             asc_metro  asc_others         bAT         bWT         bTT         bTC
asc_metro      1.00000     0.77866     0.41488     0.09773     0.21356     0.13305
asc_others     0.77866     1.00000     0.60404     0.35474     0.29422     0.19387
bAT            0.41488     0.60404     1.00000     0.55265    -0.47081     0.58843
bWT            0.09773     0.35474     0.55265     1.00000    -0.34740     0.19437
bTT            0.21356     0.29422    -0.47081    -0.34740     1.00000    -0.51526
bTC            0.13305     0.19387     0.58843     0.19437    -0.51526     1.00000
bCro           0.39626     0.21362    -0.42983    -0.54181     0.58314    -0.47739
bWaitEnv1     -0.58546    -0.49031    -0.39657    -0.25309     0.05710    -0.16214
bWaitEnv2     -0.14370    -0.16118    -0.36702    -0.39449     0.37684    -0.39553
bStop1         0.66485     0.57754     0.51647     0.05294    -0.09601     0.34270
bStop2         0.68419     0.57357     0.39191     0.15349     0.05066     0.08308
bSafety1      -0.03520     0.04609     0.10503     0.11330    -0.11451    -0.20395
bSafety2      -0.15601    -0.06776     0.11135     0.16059    -0.21667     0.25861
mAT           -0.03433     0.10206     0.10970    -0.17184     0.04291     0.03044
mWT            0.20577     0.14178     0.01066    -0.03787     0.07322    -0.06413
mTT           -0.54716    -0.22484    -0.24158     0.08048     0.17670    -0.29951
mTC           -0.24889     0.14052     0.32510     0.07530    -0.13970     0.47360
mCro          -0.74981    -0.45922    -0.08634     0.31294    -0.31548     0.02195
mWaitEnv1      0.35101     0.17077    -0.05829    -0.30109     0.25629     0.06919
mWaitEnv2      0.23377     0.25887     0.02881     0.26996     0.14378    -0.40326
mStop1        -0.09870    -0.16500    -0.15862    -0.29052     0.12867     0.13155
mStop2        -0.23746    -0.19508    -0.15877    -0.35428     0.10712     0.19831
mSafety1      -0.31501    -0.12781    -0.02138     0.29668    -0.06512    -0.01245
mSafety2       0.19397     0.22795     0.19909    -0.18876     0.05557     0.25260
                  bCro   bWaitEnv1   bWaitEnv2      bStop1      bStop2    bSafety1
asc_metro      0.39626    -0.58546    -0.14370    0.664849     0.68419    -0.03520
asc_others     0.21362    -0.49031    -0.16118    0.577543     0.57357     0.04609
bAT           -0.42983    -0.39657    -0.36702    0.516469     0.39191     0.10503
bWT           -0.54181    -0.25309    -0.39449    0.052937     0.15349     0.11330
bTT            0.58314     0.05710     0.37684   -0.096012     0.05066    -0.11451
bTC           -0.47739    -0.16214    -0.39553    0.342705     0.08308    -0.20395
bCro           1.00000    -0.27790     0.05552    0.238550     0.28329    -0.18115
bWaitEnv1     -0.27790     1.00000     0.59267   -0.657813    -0.66212     0.28471
bWaitEnv2      0.05552     0.59267     1.00000   -0.375317    -0.33108     0.35435
bStop1         0.23855    -0.65781    -0.37532    1.000000     0.81231    -0.38674
bStop2         0.28329    -0.66212    -0.33108    0.812305     1.00000    -0.36733
bSafety1      -0.18115     0.28471     0.35435   -0.386737    -0.36733     1.00000
bSafety2      -0.54405     0.44205     0.35292   -0.384286    -0.45793     0.55485
mAT            0.01749     0.11591     0.14346    0.208747    -0.05887     0.15101
mWT            0.31746    -0.34517    -0.03742    0.237449     0.33966    -0.25707
mTT           -0.17289     0.48205     0.15197   -0.657428    -0.56317     0.39575
mTC           -0.31276     0.11721    -0.02990    0.106309    -0.09598    -0.11572
mCro          -0.57067     0.47510    -0.04307   -0.647754    -0.63712     0.28429
mWaitEnv1      0.30192    -0.30706     0.10266    0.467874     0.41022    -0.45489
mWaitEnv2      0.28462    -0.50317    -0.19113    0.311287     0.49035    -0.23256
mStop1        -0.15411     0.41248     0.28646   -0.093223    -0.16802    -0.07356
mStop2        -0.13436     0.33884     0.27884   -0.005495    -0.26723    -0.16414
mSafety1      -0.27216     0.18192     0.01626   -0.250021    -0.02085    -0.28061
mSafety2       0.11500    -0.17336     0.03941    0.464517     0.43450    -0.38357
              bSafety2         mAT         mWT         mTT         mTC        mCro
asc_metro     -0.15601    -0.03433     0.20577    -0.54716    -0.24889    -0.74981
asc_others    -0.06776     0.10206     0.14178    -0.22484     0.14052    -0.45922
bAT            0.11135     0.10970     0.01066    -0.24158     0.32510    -0.08634
bWT            0.16059    -0.17184    -0.03787     0.08048     0.07530     0.31294
bTT           -0.21667     0.04291     0.07322     0.17670    -0.13970    -0.31548
bTC            0.25861     0.03044    -0.06413    -0.29951     0.47360     0.02195
bCro          -0.54405     0.01749     0.31746    -0.17289    -0.31276    -0.57067
bWaitEnv1      0.44205     0.11591    -0.34517     0.48205     0.11721     0.47510
bWaitEnv2      0.35292     0.14346    -0.03742     0.15197    -0.02990    -0.04307
bStop1        -0.38429     0.20875     0.23745    -0.65743     0.10631    -0.64775
bStop2        -0.45793    -0.05887     0.33966    -0.56317    -0.09598    -0.63712
bSafety1       0.55485     0.15101    -0.25707     0.39575    -0.11572     0.28429
bSafety2       1.00000     0.02469    -0.50883     0.19861     0.30924     0.40186
mAT            0.02469     1.00000    -0.23292     0.03787     0.18705    -0.10838
mWT           -0.50883    -0.23292     1.00000    -0.43379    -0.27092    -0.43904
mTT            0.19861     0.03787    -0.43379     1.00000    -0.01478     0.71138
mTC            0.30924     0.18705    -0.27092    -0.01478     1.00000     0.19649
mCro           0.40186    -0.10838    -0.43904     0.71138     0.19649     1.00000
mWaitEnv1     -0.24822    -0.05073     0.11462    -0.62412     0.10955    -0.59504
mWaitEnv2     -0.43497    -0.23828     0.43858    -0.34197    -0.21921    -0.33071
mStop1         0.21817     0.13946    -0.23553    -0.20093     0.16134    -0.15086
mStop2         0.14459     0.30140    -0.17550    -0.17384     0.28749    -0.10989
mSafety1      -0.10711    -0.49169     0.27469     0.06191     0.08089     0.22840
mSafety2      -0.27940     0.02340     0.51409    -0.58097     0.24213    -0.56150
             mWaitEnv1   mWaitEnv2      mStop1      mStop2    mSafety1    mSafety2
asc_metro      0.35101     0.23377    -0.09870   -0.237457    -0.31501     0.19397
asc_others     0.17077     0.25887    -0.16500   -0.195084    -0.12781     0.22795
bAT           -0.05829     0.02881    -0.15862   -0.158770    -0.02138     0.19909
bWT           -0.30109     0.26996    -0.29052   -0.354277     0.29668    -0.18876
bTT            0.25629     0.14378     0.12867    0.107122    -0.06512     0.05557
bTC            0.06919    -0.40326     0.13155    0.198313    -0.01245     0.25260
bCro           0.30192     0.28462    -0.15411   -0.134365    -0.27216     0.11500
bWaitEnv1     -0.30706    -0.50317     0.41248    0.338844     0.18192    -0.17336
bWaitEnv2      0.10266    -0.19113     0.28646    0.278841     0.01626     0.03941
bStop1         0.46787     0.31129    -0.09322   -0.005495    -0.25002     0.46452
bStop2         0.41022     0.49035    -0.16802   -0.267227    -0.02085     0.43450
bSafety1      -0.45489    -0.23256    -0.07356   -0.164141    -0.28061    -0.38357
bSafety2      -0.24822    -0.43497     0.21817    0.144595    -0.10711    -0.27940
mAT           -0.05073    -0.23828     0.13946    0.301397    -0.49169     0.02340
mWT            0.11462     0.43858    -0.23553   -0.175503     0.27469     0.51409
mTT           -0.62412    -0.34197    -0.20093   -0.173838     0.06191    -0.58097
mTC            0.10955    -0.21921     0.16134    0.287487     0.08089     0.24213
mCro          -0.59504    -0.33071    -0.15086   -0.109888     0.22840    -0.56150
mWaitEnv1      1.00000     0.36040     0.32667    0.397093    -0.07342     0.49364
mWaitEnv2      0.36040     1.00000    -0.25931   -0.234555     0.22393     0.27364
mStop1         0.32667    -0.25931     1.00000    0.798611     0.09668     0.35045
mStop2         0.39709    -0.23455     0.79861    1.000000     0.03349     0.42175
mSafety1      -0.07342     0.22393     0.09668    0.033492     1.00000     0.29940
mSafety2       0.49364     0.27364     0.35045    0.421750     0.29940     1.00000

 20 most extreme outliers in terms of lowest average per choice prediction:
  ID Avg prob per choice
  35          0.06510721
  93          0.06510721
 138          0.06510721
 159          0.06510721
 250          0.06510721
 259          0.06510721
 301          0.06510721
 365          0.06510721
 378          0.06510721
 470          0.06510721
 536          0.06510721
 652          0.06510721
 701          0.06510721
 719          0.06510721
 748          0.06510721
 770          0.06510721
 778          0.06510721
 801          0.06510721
 862          0.06510721
 122          0.06722609

Changes in parameter estimates from starting values:
               Initial    Estimate  Difference
asc_bus          0.000    0.000000    0.000000
asc_metro        0.000    0.401523    0.401523
asc_others       0.000   -0.282278   -0.282278
bAT              0.000    0.016689    0.016689
bWT              0.000   -0.019274   -0.019274
bTT              0.000   -0.009914   -0.009914
bTC              0.000    0.081383    0.081383
bCro             0.000   -0.196025   -0.196025
bWaitEnv1        0.000    0.073595    0.073595
bWaitEnv2        0.000    1.470089    1.470089
bStop1           0.000   -0.173159   -0.173159
bStop2           0.000   -0.416562   -0.416562
bSafety1         0.000    0.646415    0.646415
bSafety2         0.000    0.872025    0.872025
mAT              0.000   -0.053786   -0.053786
mWT              0.000    0.047010    0.047010
mTT              0.000   -0.002075   -0.002075
mTC              0.000    0.021573    0.021573
mCro             0.000    0.287913    0.287913
mWaitEnv1        0.000    0.737639    0.737639
mWaitEnv2        0.000   -0.494763   -0.494763
mStop1           0.000    0.487175    0.487175
mStop2           0.000    0.262163    0.262163
mSafety1         0.000    0.470715    0.470715
mSafety2         0.000    0.369273    0.369273

Settings and functions used in model definition:

apollo_control
--------------
                       Value                                                                                                        
modelName              "gs_mnl_02"                                                                                                  
modelDescr             "Simple MNL on Gender safety data"                                                                           
indivID                "id"                                                                                                         
