Model run by geojch using Apollo 0.3.4 on R 4.4.1 for Windows.
Please acknowledge the use of Apollo by citing Hess & Palma (2019)
  DOI 10.1016/j.jocm.2019.100170
  www.ApolloChoiceModelling.com

Model name                                  : gs_mnl_01
Model description                           : Simple MNL on Gender safety data
Model run at                                : 2024-12-13 17:56:52.442037
Estimation method                           : bgw
Model diagnosis                             : Relative function convergence
Optimisation diagnosis                      : Maximum found
     hessian properties                     : Negative definite
     maximum eigenvalue                     : -2.085762
     reciprocal of condition number         : 6.27832e-07
Number of individuals                       : 1000
Number of rows in database                  : 3000
Number of modelled outcomes                 : 3000

Number of cores used                        :  1 
Model without mixing

LL(start)                                   : -3295.84
LL at equal shares, LL(0)                   : -3295.84
LL at observed shares, LL(C)                : -2718.85
LL(final)                                   : -2568.15
Rho-squared vs equal shares                  :  0.2208 
Adj.Rho-squared vs equal shares              :  0.2135 
Rho-squared vs observed shares               :  0.0554 
Adj.Rho-squared vs observed shares           :  0.0473 
AIC                                         :  5184.3 
BIC                                         :  5328.45 

Estimated parameters                        : 24
Time taken (hh:mm:ss)                       :  00:00:1.68 
     pre-estimation                         :  00:00:0.3 
     estimation                             :  00:00:0.17 
     post-estimation                        :  00:00:1.21 
Iterations                                  :  11  

Unconstrained optimisation.

Estimates:
              Estimate        s.e.   t.rat.(0)    Rob.s.e. Rob.t.rat.(0)
asc_bus       0.000000          NA          NA          NA            NA
asc_metro     0.904553    0.586561      1.5421    0.651440        1.3885
asc_others   -0.512124    0.445219     -1.1503    0.439797       -1.1645
bAT           0.016689    0.015760      1.0590    0.014095        1.1841
bWT          -0.019274    0.016715     -1.1531    0.017699       -1.0889
bTT          -0.009913    0.007108     -1.3947    0.007410       -1.3378
bTC           0.081382    0.014375      5.6613    0.016386        4.9666
bCro         -0.196021    0.165101     -1.1873    0.178438       -1.0985
bWaitEnv1     0.073598    0.162537      0.4528    0.168027        0.4380
bWaitEnv2     1.470084    0.267393      5.4978    0.220976        6.6527
bStop1        0.416560    0.201995      2.0622    0.194079        2.1463
bStop2        0.243392    0.147449      1.6507    0.128186        1.8987
bSafety1      0.225603    0.172118      1.3108    0.179175        1.2591
bSafety2     -0.646423    0.198994     -3.2485    0.186223       -3.4712
mAT          -0.053787    0.016801     -3.2014    0.013217       -4.0695
mWT           0.047009    0.030954      1.5187    0.025705        1.8288
mTT          -0.002074    0.006783     -0.3058    0.007463       -0.2779
mTC           0.021572    0.006867      3.1414    0.007823        2.7574
mCro          0.287915    0.145131      1.9838    0.167040        1.7236
mWaitEnv1     0.737620    0.215996      3.4150    0.222177        3.3200
mWaitEnv2    -0.494765    0.147922     -3.3448    0.160506       -3.0825
mStop1       -0.262150    0.139810     -1.8750    0.145924       -1.7965
mStop2        0.225027    0.151466      1.4857    0.102370        2.1982
mSafety1     -0.101455    0.160518     -0.6320    0.167160       -0.6069
mSafety2     -0.470721    0.159015     -2.9602    0.136491       -3.4487


Overview of choices for MNL model component :
                                     bus  metro  others
Times available                  3000.00 3000.0 3000.00
Times chosen                      989.00 1728.0  283.00
Percentage chosen overall          32.97   57.6    9.43
Percentage chosen when available   32.97   57.6    9.43



Classical covariance matrix:
             asc_metro  asc_others         bAT         bWT         bTT         bTC        bCro
asc_metro     0.344054    0.167503    0.002206    0.001135    0.001056    0.001477    0.030455
asc_others    0.167503    0.198220    0.003693    0.003444    0.001068    0.001801    0.008740
bAT           0.002206    0.003693  2.4837e-04  1.6895e-04  -5.688e-05  1.4320e-04   -0.001259
bWT           0.001135    0.003444  1.6895e-04  2.7939e-04  -3.285e-05   7.322e-05   -0.001378
bTT           0.001056    0.001068  -5.688e-05  -3.285e-05   5.053e-05  -5.710e-05  5.9648e-04
bTC           0.001477    0.001801  1.4320e-04   7.322e-05  -5.710e-05  2.0665e-04   -0.001157
bCro          0.030455    0.008740   -0.001259   -0.001378  5.9648e-04   -0.001157    0.027258
bWaitEnv1    -0.018892   -0.015689   -0.001302 -8.0162e-04  3.3747e-04 -8.4795e-04  2.6284e-04
bWaitEnv2    -0.013665   -0.029310   -0.002096   -0.001616  7.7955e-04   -0.001814    0.003555
bStop1       -0.039572   -0.025657   -0.001144 -7.4791e-04  1.7484e-04 -6.4038e-04   -0.007655
bStop2        0.007202    0.014740  9.6837e-04  1.6290e-04 -3.1133e-04  7.5863e-04   -0.005426
bSafety1      0.010074   -0.004824 -8.0937e-04 -3.1250e-04  2.2082e-04  2.3147e-04   -0.005801
bSafety2      0.030299    0.006911 -3.0957e-04 -2.4598e-04  -1.545e-05  4.7122e-04    0.007682
mAT          -0.001210    0.001666   9.315e-05   3.746e-05  -1.712e-05   3.542e-05 -1.8233e-04
mWT           0.001561 -4.0453e-04  -2.868e-05  -2.196e-05  -7.057e-06   2.149e-05    0.001163
mTT          -0.001668  2.8793e-04  -4.184e-06   1.612e-05   1.301e-05  -2.236e-05 -1.8121e-04
mTC        -7.8662e-04  9.1851e-04   2.259e-05   2.551e-05   2.069e-06   2.443e-05 -2.4319e-04
mCro         -0.058459   -0.017578   9.630e-05  4.6378e-04 -2.6227e-04  1.9150e-04   -0.012583
mWaitEnv1     0.010801   -0.026257   -0.001512   -0.001514  3.1980e-04 -5.4305e-04    0.007379
mWaitEnv2     0.003438   -0.005749 -3.8644e-04  1.8170e-04   7.347e-05 -5.6792e-04    0.005731
mStop1     -6.2858e-04    0.012182  4.7075e-04  6.5554e-04   6.076e-06   7.631e-05    0.001320
mStop2        0.024854    0.011365 -1.0771e-04   1.213e-05  2.3881e-04  -9.770e-05    0.003456
mSafety1      0.005888    0.004411  6.9867e-04 -3.5663e-04 -2.2451e-04  5.7214e-04    0.001734
mSafety2     -0.013597   -0.005718  2.9882e-04 -3.5994e-04  -9.478e-05  -6.389e-05   -0.001517
             bWaitEnv1   bWaitEnv2      bStop1      bStop2    bSafety1    bSafety2         mAT
asc_metro    -0.018892   -0.013665   -0.039572    0.007202    0.010074    0.030299   -0.001210
asc_others   -0.015689   -0.029310   -0.025657    0.014740   -0.004824    0.006911    0.001666
bAT          -0.001302   -0.002096   -0.001144  9.6837e-04 -8.0937e-04 -3.0957e-04   9.315e-05
bWT        -8.0162e-04   -0.001616 -7.4791e-04  1.6290e-04 -3.1250e-04 -2.4598e-04   3.746e-05
bTT         3.3747e-04  7.7955e-04  1.7484e-04 -3.1133e-04  2.2082e-04  -1.545e-05  -1.712e-05
bTC        -8.4795e-04   -0.001814 -6.4038e-04  7.5863e-04  2.3147e-04  4.7122e-04   3.542e-05
bCro        2.6284e-04    0.003555   -0.007655   -0.005426   -0.005801    0.007682 -1.8233e-04
bWaitEnv1     0.026418    0.022509    0.018054   -0.004902    0.009227   -0.006482 -4.4625e-04
bWaitEnv2     0.022509    0.071499    0.027183   -0.011220    0.012427   -0.026119   -0.001481
bStop1        0.018054    0.027183    0.040802    0.004878    0.008773   -0.017621 -2.8856e-04
bStop2       -0.004902   -0.011220    0.004878    0.021741   -0.005092    0.001384    0.001335
bSafety1      0.009227    0.012427    0.008773   -0.005092    0.029624    0.002903   -0.001292
bSafety2     -0.006482   -0.026119   -0.017621    0.001384    0.002903    0.039598   3.502e-05
mAT        -4.4625e-04   -0.001481 -2.8856e-04    0.001335   -0.001292   3.502e-05  2.8228e-04
mWT          -0.001490 -1.1884e-04   -0.002052 -6.9268e-04   -0.001244    0.002271  -9.127e-05
mTT         3.6168e-04  3.3323e-04  6.1669e-04  -8.137e-05  -5.122e-05 -6.2376e-04   1.988e-06
mTC         1.4352e-04 -1.3943e-04   1.811e-05   9.921e-05  2.9389e-04  -7.923e-05   2.060e-05
mCro          0.005859   -0.002535    0.012294  9.1008e-04    0.002189   -0.009201   2.026e-06
mWaitEnv1  -4.8132e-04    0.018529  3.7015e-04   -0.003063    0.010656    0.011590 -9.1711e-04
mWaitEnv2    -0.006777   -0.008055   -0.011871   -0.004010   -0.001351    0.012142 -2.6273e-04
mStop1       -0.007236   -0.007685   -0.009274   -0.005864   -0.002784   -0.001339 -4.7701e-04
mStop2        0.005412   4.776e-05   -0.006646   -0.010947    0.007424 -1.5905e-04 -9.8155e-04
mSafety1     -0.008948   -0.006588   -0.011100    0.007337   -0.007689  3.4088e-04    0.001068
mSafety2     -0.003994    0.007227    0.007409    0.007856   -0.004714   -0.015012  8.3818e-04
                   mWT         mTT         mTC        mCro   mWaitEnv1   mWaitEnv2      mStop1
asc_metro     0.001561   -0.001668 -7.8662e-04   -0.058459    0.010801    0.003438 -6.2858e-04
asc_others -4.0453e-04  2.8793e-04  9.1851e-04   -0.017578   -0.026257   -0.005749    0.012182
bAT         -2.868e-05  -4.184e-06   2.259e-05   9.630e-05   -0.001512 -3.8644e-04  4.7075e-04
bWT         -2.196e-05   1.612e-05   2.551e-05  4.6378e-04   -0.001514  1.8170e-04  6.5554e-04
bTT         -7.057e-06   1.301e-05   2.069e-06 -2.6227e-04  3.1980e-04   7.347e-05   6.076e-06
bTC          2.149e-05  -2.236e-05   2.443e-05  1.9150e-04 -5.4305e-04 -5.6792e-04   7.631e-05
bCro          0.001163 -1.8121e-04 -2.4319e-04   -0.012583    0.007379    0.005731    0.001320
bWaitEnv1    -0.001490  3.6168e-04  1.4352e-04    0.005859 -4.8132e-04   -0.006777   -0.007236
bWaitEnv2  -1.1884e-04  3.3323e-04 -1.3943e-04   -0.002535    0.018529   -0.008055   -0.007685
bStop1       -0.002052  6.1669e-04   1.811e-05    0.012294  3.7015e-04   -0.011871   -0.009274
bStop2     -6.9268e-04  -8.137e-05   9.921e-05  9.1008e-04   -0.003063   -0.004010   -0.005864
bSafety1     -0.001244  -5.122e-05  2.9389e-04    0.002189    0.010656   -0.001351   -0.002784
bSafety2      0.002271 -6.2376e-04  -7.923e-05   -0.009201    0.011590    0.012142   -0.001339
mAT         -9.127e-05   1.988e-06   2.060e-05   2.026e-06 -9.1711e-04 -2.6273e-04 -4.7701e-04
mWT         9.5814e-04 -1.0120e-04  -5.764e-05   -0.001913  7.6136e-04    0.001923  5.6699e-04
mTT        -1.0120e-04   4.600e-05   9.124e-06  5.7290e-04 -5.9002e-04 -4.5367e-04  2.0572e-04
mTC         -5.764e-05   9.124e-06   4.716e-05  1.7090e-04  -5.896e-05 -1.4146e-04  -8.090e-05
mCro         -0.001913  5.7290e-04  1.7090e-04    0.021063   -0.010341   -0.006292    0.002117
mWaitEnv1   7.6136e-04 -5.9002e-04  -5.896e-05   -0.010341    0.046654    0.012282   -0.010172
mWaitEnv2     0.001923 -4.5367e-04 -1.4146e-04   -0.006292    0.012282    0.021881  1.3125e-04
mStop1      5.6699e-04  2.0572e-04  -8.090e-05    0.002117   -0.010172  1.3125e-04    0.019547
mStop2     -5.8806e-04   5.497e-06   4.745e-05   -0.002184   -0.004334   -0.001674    0.007421
mSafety1      0.001057 -5.0731e-04  -1.936e-05   -0.006756    0.003552    0.001821   -0.005339
mSafety2     -0.001508  1.3908e-04 -1.4604e-04    0.001867   -0.001433   -0.008454   -0.001793
                mStop2    mSafety1    mSafety2
asc_metro     0.024854    0.005888   -0.013597
asc_others    0.011365    0.004411   -0.005718
bAT        -1.0771e-04  6.9867e-04  2.9882e-04
bWT          1.213e-05 -3.5663e-04 -3.5994e-04
bTT         2.3881e-04 -2.2451e-04  -9.478e-05
bTC         -9.770e-05  5.7214e-04  -6.389e-05
bCro          0.003456    0.001734   -0.001517
bWaitEnv1     0.005412   -0.008948   -0.003994
bWaitEnv2    4.776e-05   -0.006588    0.007227
bStop1       -0.006646   -0.011100    0.007409
bStop2       -0.010947    0.007337    0.007856
bSafety1      0.007424   -0.007689   -0.004714
bSafety2   -1.5905e-04  3.4088e-04   -0.015012
mAT        -9.8155e-04    0.001068  8.3818e-04
mWT        -5.8806e-04    0.001057   -0.001508
mTT          5.497e-06 -5.0731e-04  1.3908e-04
mTC          4.745e-05  -1.936e-05 -1.4604e-04
mCro         -0.002184   -0.006756    0.001867
mWaitEnv1    -0.004334    0.003552   -0.001433
mWaitEnv2    -0.001674    0.001821   -0.008454
mStop1        0.007421   -0.005339   -0.001793
mStop2        0.022942   -0.005598   -0.007405
mSafety1     -0.005598    0.025766    0.012125
mSafety2     -0.007405    0.012125    0.025286

Robust covariance matrix:
             asc_metro  asc_others         bAT         bWT         bTT         bTC        bCro
asc_metro     0.424374    0.199534    0.002884  2.6146e-04    0.001380    0.002519    0.041694
asc_others    0.199534    0.193422    0.003100    0.002379    0.001224    0.002018    0.016121
bAT           0.002884    0.003100  1.9866e-04  1.3787e-04  -4.917e-05  1.3590e-04   -0.001081
bWT         2.6146e-04    0.002379  1.3787e-04  3.1327e-04  -4.556e-05   5.637e-05   -0.001711
bTT           0.001380    0.001224  -4.917e-05  -4.556e-05   5.491e-05  -6.256e-05  7.7106e-04
bTC           0.002519    0.002018  1.3590e-04   5.637e-05  -6.256e-05  2.6849e-04   -0.001396
bCro          0.041694    0.016121   -0.001081   -0.001711  7.7106e-04   -0.001396    0.031840
bWaitEnv1    -0.052208   -0.030354 -9.3918e-04 -7.5268e-04   7.110e-05 -4.4639e-04   -0.008332
bWaitEnv2    -0.015876   -0.018989   -0.001143   -0.001543  6.1706e-04   -0.001432    0.002189
bStop1       -0.071927   -0.033761   -0.001072 -5.2723e-04  -7.285e-05 -2.6421e-04   -0.009811
bStop2        0.015708    0.013302  5.1348e-04 -3.2315e-04 -2.2782e-04  9.5888e-04 -5.3930e-04
bSafety1      0.012888    0.007282   2.773e-05  1.7606e-04 -1.5239e-04    0.001442   -0.012749
bSafety2      0.038151    0.016920 -2.7568e-04 -3.7344e-04  1.5802e-04  6.2233e-04    0.006019
mAT        -8.8331e-04  4.8396e-04   2.044e-05  -4.020e-05   4.202e-06   6.593e-06   4.126e-05
mWT           0.004002    0.001440   3.862e-06  -1.723e-05   1.395e-05  -2.701e-05    0.001456
mTT          -0.003072 -6.1087e-04  -2.541e-05   1.063e-05   9.771e-06  -3.662e-05 -2.3023e-04
mTC        -8.0256e-04  8.8865e-04   3.585e-05   1.043e-05  -8.099e-06   6.071e-05 -4.3661e-04
mCro         -0.084169   -0.028261 -2.0327e-04  9.2519e-04 -3.9050e-04   6.008e-05   -0.017009
mWaitEnv1     0.073117    0.020953 -1.8254e-04   -0.001184  4.2194e-04  2.5189e-04    0.011969
mWaitEnv2     0.020601    0.013383   6.517e-05  7.6692e-04  1.7100e-04   -0.001061    0.008152
mStop1       -0.006736    0.002843  3.2655e-04  9.1500e-04 -1.1583e-04 -4.7418e-04    0.003499
mStop2        0.009909   -0.003903  -5.159e-05   4.531e-05   4.543e-05 -1.0961e-04   -0.001152
mSafety1      0.042096    0.016895  4.4987e-04   -0.001203  1.2585e-04  6.3074e-04    0.009617
mSafety2      0.006835    0.001428   4.112e-05 -7.1672e-04   6.587e-05   2.783e-05    0.006628
             bWaitEnv1   bWaitEnv2      bStop1      bStop2    bSafety1    bSafety2         mAT
asc_metro    -0.052208   -0.015876   -0.071927    0.015708    0.012888    0.038151 -8.8331e-04
asc_others   -0.030354   -0.018989   -0.033761    0.013302    0.007282    0.016920  4.8396e-04
bAT        -9.3918e-04   -0.001143   -0.001072  5.1348e-04   2.773e-05 -2.7568e-04   2.044e-05
bWT        -7.5268e-04   -0.001543 -5.2723e-04 -3.2315e-04  1.7606e-04 -3.7344e-04  -4.020e-05
bTT          7.110e-05  6.1706e-04  -7.285e-05 -2.2782e-04 -1.5239e-04  1.5802e-04   4.202e-06
bTC        -4.4639e-04   -0.001432 -2.6421e-04  9.5888e-04    0.001442  6.2233e-04   6.593e-06
bCro         -0.008332    0.002189   -0.009811 -5.3930e-04   -0.012749    0.006019   4.126e-05
bWaitEnv1     0.028233    0.022006    0.021592   -0.002483    0.005451   -0.008909  2.5741e-04
bWaitEnv2     0.022006    0.048830    0.014199   -0.003865  4.9562e-04   -0.014582  4.1900e-04
bStop1        0.021592    0.014199    0.037666    0.003329    0.003906   -0.013276  1.5101e-04
bStop2       -0.002483   -0.003865    0.003329    0.016432    0.003410    0.002410  7.5195e-04
bSafety1      0.005451  4.9562e-04    0.003906    0.003410    0.032104    0.014703 -3.0861e-04
bSafety2     -0.008909   -0.014582   -0.013276    0.002410    0.014703    0.034679 -3.7169e-04
mAT         2.5741e-04  4.1900e-04  1.5101e-04  7.5195e-04 -3.0861e-04 -3.7169e-04  1.7469e-04
mWT          -0.001491 -2.1257e-04   -0.001694 -3.6507e-04   -0.001298    0.001231  -7.913e-05
mTT         6.0446e-04  2.5061e-04  8.1567e-04 -2.5295e-04 -2.6343e-04 -5.4998e-04   3.736e-06
mTC         1.5408e-04  -5.169e-05  1.4574e-04  3.2689e-04  6.3633e-04  1.6860e-04   1.934e-05
mCro          0.013335   -0.001590    0.020655   -0.002912    0.004134   -0.008843 -2.3929e-04
mWaitEnv1    -0.011463    0.005040   -0.017688    0.004953    0.008159    0.018821 -1.4899e-04
mWaitEnv2    -0.013570   -0.006779   -0.015275   -0.004392   -0.006546    0.006951 -5.0548e-04
mStop1       -0.008308   -0.008991   -0.007568   -0.007393   -0.008540   -0.004460 -5.8130e-04
mStop2        0.003414    0.001715   -0.002053   -0.005312  9.1138e-04   -0.002143 -2.6954e-04
mSafety1     -0.008415  7.7780e-04   -0.012836    0.009335   -0.001770    0.003272  9.3206e-04
mSafety2     -0.004172 -4.9050e-04 -5.5226e-04    0.006881   -0.004306   -0.007133  8.8701e-04
                   mWT         mTT         mTC        mCro   mWaitEnv1   mWaitEnv2      mStop1
asc_metro     0.004002   -0.003072 -8.0256e-04   -0.084169    0.073117    0.020601   -0.006736
asc_others    0.001440 -6.1087e-04  8.8865e-04   -0.028261    0.020953    0.013383    0.002843
bAT          3.862e-06  -2.541e-05   3.585e-05 -2.0327e-04 -1.8254e-04   6.517e-05  3.2655e-04
bWT         -1.723e-05   1.063e-05   1.043e-05  9.2519e-04   -0.001184  7.6692e-04  9.1500e-04
bTT          1.395e-05   9.771e-06  -8.099e-06 -3.9050e-04  4.2194e-04  1.7100e-04 -1.1583e-04
bTC         -2.701e-05  -3.662e-05   6.071e-05   6.008e-05  2.5189e-04   -0.001061 -4.7418e-04
bCro          0.001456 -2.3023e-04 -4.3661e-04   -0.017009    0.011969    0.008152    0.003499
bWaitEnv1    -0.001491  6.0446e-04  1.5408e-04    0.013335   -0.011463   -0.013570   -0.008308
bWaitEnv2  -2.1257e-04  2.5061e-04  -5.169e-05   -0.001590    0.005040   -0.006779   -0.008991
bStop1       -0.001694  8.1567e-04  1.4574e-04    0.020655   -0.017688   -0.015275   -0.007568
bStop2     -3.6507e-04 -2.5295e-04  3.2689e-04   -0.002912    0.004953   -0.004392   -0.007393
bSafety1     -0.001298 -2.6343e-04  6.3633e-04    0.004134    0.008159   -0.006546   -0.008540
bSafety2      0.001231 -5.4998e-04  1.6860e-04   -0.008843    0.018821    0.006951   -0.004460
mAT         -7.913e-05   3.736e-06   1.934e-05 -2.3929e-04 -1.4899e-04 -5.0548e-04 -5.8130e-04
mWT         6.6075e-04  -8.321e-05  -5.448e-05   -0.001885  6.5455e-04    0.001810  6.5833e-04
mTT         -8.321e-05   5.569e-05  -8.629e-07  8.8679e-04   -0.001035 -4.0962e-04  1.8931e-04
mTC         -5.448e-05  -8.629e-07   6.121e-05  2.5677e-04  1.9042e-04 -2.7527e-04 -3.2821e-04
mCro         -0.001885  8.8679e-04  2.5677e-04    0.027902   -0.022083   -0.008867    0.002679
mWaitEnv1   6.5455e-04   -0.001035  1.9042e-04   -0.022083    0.049363    0.012852   -0.012874
mWaitEnv2     0.001810 -4.0962e-04 -2.7527e-04   -0.008867    0.012852    0.025762    0.005494
mStop1      6.5833e-04  1.8931e-04 -3.2821e-04    0.002679   -0.012874    0.005494    0.021294
mStop2     -3.6570e-04  -6.431e-05 -1.1471e-04   -0.001584 -5.9863e-04   -0.001546    0.001584
mSafety1    9.6114e-04 -6.9460e-04  1.8956e-04   -0.018869    0.018202    0.001492   -0.008298
mSafety2   -9.6375e-04  -6.306e-05  -8.638e-05   -0.005207    0.002227   -0.004906  6.6712e-04
                mStop2    mSafety1    mSafety2
asc_metro     0.009909    0.042096    0.006835
asc_others   -0.003903    0.016895    0.001428
bAT         -5.159e-05  4.4987e-04   4.112e-05
bWT          4.531e-05   -0.001203 -7.1672e-04
bTT          4.543e-05  1.2585e-04   6.587e-05
bTC        -1.0961e-04  6.3074e-04   2.783e-05
bCro         -0.001152    0.009617    0.006628
bWaitEnv1     0.003414   -0.008415   -0.004172
bWaitEnv2     0.001715  7.7780e-04 -4.9050e-04
bStop1       -0.002053   -0.012836 -5.5226e-04
bStop2       -0.005312    0.009335    0.006881
bSafety1    9.1138e-04   -0.001770   -0.004306
bSafety2     -0.002143    0.003272   -0.007133
mAT        -2.6954e-04  9.3206e-04  8.8701e-04
mWT        -3.6570e-04  9.6114e-04 -9.6375e-04
mTT         -6.431e-05 -6.9460e-04  -6.306e-05
mTC        -1.1471e-04  1.8956e-04  -8.638e-05
mCro         -0.001584   -0.018869   -0.005207
mWaitEnv1  -5.9863e-04    0.018202    0.002227
mWaitEnv2    -0.001546    0.001492   -0.004906
mStop1        0.001584   -0.008298  6.6712e-04
mStop2        0.010480   -0.001896   -0.001565
mSafety1     -0.001896    0.027942    0.012677
mSafety2     -0.001565    0.012677    0.018630

Classical correlation matrix:
             asc_metro  asc_others         bAT         bWT         bTT         bTC        bCro
asc_metro     1.000000     0.64141     0.23865    0.115809    0.253186     0.17511    0.314486
asc_others    0.641412     1.00000     0.52634    0.462840    0.337563     0.28141    0.118902
bAT           0.238653     0.52634     1.00000    0.641364   -0.507703     0.63211   -0.483774
bWT           0.115809     0.46284     0.64136    1.000000   -0.276505     0.30472   -0.499453
bTT           0.253186     0.33756    -0.50770   -0.276505    1.000000    -0.55882    0.508260
bTC           0.175115     0.28141     0.63211    0.304718   -0.558815     1.00000   -0.487433
bCro          0.314486     0.11890    -0.48377   -0.499453    0.508260    -0.48743    1.000000
bWaitEnv1    -0.198155    -0.21681    -0.50847   -0.295061    0.292093    -0.36291    0.009795
bWaitEnv2    -0.087123    -0.24620    -0.49730   -0.361589    0.410142    -0.47200    0.080528
bStop1       -0.333991    -0.28529    -0.35949   -0.221516    0.121768    -0.22054   -0.229549
bStop2        0.083276     0.22453     0.41672    0.066094   -0.297046     0.35791   -0.222897
bSafety1      0.099783    -0.06295    -0.29838   -0.108623    0.180491     0.09355   -0.204145
bSafety2      0.259585     0.07801    -0.09871   -0.073954   -0.010919     0.16473    0.233812
mAT          -0.122754     0.22266     0.35179    0.133375   -0.143336     0.14666   -0.065730
mWT           0.085966    -0.02935    -0.05878   -0.042447   -0.032074     0.04830    0.227509
mTT          -0.419353     0.09535    -0.03914    0.142187    0.269746    -0.22928   -0.161822
mTC          -0.195286     0.30042     0.20877    0.222276    0.042377     0.24748   -0.214496
mCro         -0.686718    -0.27204     0.04210    0.191183   -0.254232     0.09179   -0.525147
mWaitEnv1     0.085255    -0.27304    -0.44421   -0.419446    0.208292    -0.17490    0.206926
mWaitEnv2     0.039626    -0.08730    -0.16577    0.073486    0.069872    -0.26708    0.234677
mStop1       -0.007665     0.19571     0.21365    0.280513    0.006114     0.03797    0.057181
mStop2        0.279746     0.16854    -0.04512    0.004790    0.221809    -0.04487    0.138201
mSafety1      0.062535     0.06173     0.27618   -0.132919   -0.196770     0.24795    0.065433
mSafety2     -0.145774    -0.08076     0.11924   -0.135421   -0.083852    -0.02795   -0.057796
             bWaitEnv1   bWaitEnv2      bStop1      bStop2    bSafety1    bSafety2         mAT
asc_metro    -0.198155   -0.087123   -0.333991     0.08328     0.09978    0.259585    -0.12275
asc_others   -0.216811   -0.246204   -0.285295     0.22453    -0.06295    0.078005     0.22266
bAT          -0.508470   -0.497302   -0.359486     0.41672    -0.29838   -0.098710     0.35179
bWT          -0.295061   -0.361589   -0.221516     0.06609    -0.10862   -0.073954     0.13337
bTT           0.292093    0.410142    0.121768    -0.29705     0.18049   -0.010919    -0.14334
bTC          -0.362914   -0.471999   -0.220539     0.35791     0.09355    0.164729     0.14666
bCro          0.009795    0.080528   -0.229549    -0.22290    -0.20414    0.233812    -0.06573
bWaitEnv1     1.000000    0.517901    0.549906    -0.20452     0.32984   -0.200410    -0.16341
bWaitEnv2     0.517901    1.000000    0.503283    -0.28458     0.27002   -0.490871    -0.32976
bStop1        0.549906    0.503283    1.000000     0.16379     0.25233   -0.438372    -0.08503
bStop2       -0.204521   -0.284584    0.163793     1.00000    -0.20066    0.047179     0.53901
bSafety1      0.329837    0.270025    0.252334    -0.20066     1.00000    0.084760    -0.44682
bSafety2     -0.200410   -0.490871   -0.438372     0.04718     0.08476    1.000000     0.01048
mAT          -0.163415   -0.329759   -0.085026     0.53901    -0.44682    0.010475     1.00000
mWT          -0.296238   -0.014359   -0.328115    -0.15177    -0.23347    0.368734    -0.17550
mTT           0.328079    0.183734    0.450119    -0.08137    -0.04388   -0.462147     0.01744
mTC           0.128581   -0.075931    0.013056     0.09798     0.24864   -0.057981     0.17855
mCro          0.248396   -0.065317    0.419358     0.04253     0.08763   -0.318591  8.3107e-04
mWaitEnv1    -0.013710    0.320815    0.008484    -0.09618     0.28663    0.269658    -0.25272
mWaitEnv2    -0.281869   -0.203655   -0.397284    -0.18383    -0.05306    0.412505    -0.10571
mStop1       -0.318414   -0.205558   -0.328375    -0.28445    -0.11571   -0.048146    -0.20307
mStop2        0.219828    0.001179   -0.217208    -0.49015     0.28476   -0.005277    -0.38571
mSafety1     -0.342974   -0.153489   -0.342350     0.31000    -0.27832    0.010672     0.39603
mSafety2     -0.154530    0.169966    0.230670     0.33505    -0.17225   -0.474421     0.31373
                   mWT         mTT         mTC        mCro   mWaitEnv1   mWaitEnv2      mStop1
asc_metro      0.08597   -0.419353    -0.19529    -0.68672    0.085255    0.039626   -0.007665
asc_others    -0.02935    0.095348     0.30042    -0.27204   -0.273044   -0.087296    0.195709
bAT           -0.05878   -0.039139     0.20877     0.04210   -0.444210   -0.165769    0.213647
bWT           -0.04245    0.142187     0.22228     0.19118   -0.419446    0.073486    0.280513
bTT           -0.03207    0.269746     0.04238    -0.25423    0.208292    0.069872    0.006114
bTC            0.04830   -0.229283     0.24748     0.09179   -0.174897   -0.267081    0.037968
bCro           0.22751   -0.161822    -0.21450    -0.52515    0.206926    0.234677    0.057181
bWaitEnv1     -0.29624    0.328079     0.12858     0.24840   -0.013710   -0.281869   -0.318414
bWaitEnv2     -0.01436    0.183734    -0.07593    -0.06532    0.320815   -0.203655   -0.205558
bStop1        -0.32811    0.450119     0.01306     0.41936    0.008484   -0.397284   -0.328375
bStop2        -0.15177   -0.081368     0.09798     0.04253   -0.096183   -0.183833   -0.284447
bSafety1      -0.23347   -0.043877     0.24864     0.08763    0.286629   -0.053059   -0.115709
bSafety2       0.36873   -0.462147    -0.05798    -0.31859    0.269658    0.412505   -0.048146
mAT           -0.17550    0.017442     0.17855  8.3107e-04   -0.252719   -0.105714   -0.203072
mWT            1.00000   -0.482024    -0.27115    -0.42587    0.113876    0.419984    0.131015
mTT           -0.48202    1.000000     0.19589     0.58200   -0.402737   -0.452175    0.216937
mTC           -0.27115    0.195893     1.00000     0.17147   -0.039750   -0.139254   -0.084257
mCro          -0.42587    0.581999     0.17147     1.00000   -0.329872   -0.293102    0.104323
mWaitEnv1      0.11388   -0.402737    -0.03975    -0.32987    1.000000    0.384407   -0.336850
mWaitEnv2      0.41998   -0.452175    -0.13925    -0.29310    0.384407    1.000000    0.006346
mStop1         0.13102    0.216937    -0.08426     0.10432   -0.336850    0.006346    1.000000
mStop2        -0.12543    0.005350     0.04562    -0.09933   -0.132465   -0.074700    0.350429
mSafety1       0.21272   -0.465964    -0.01756    -0.29002    0.102444    0.076697   -0.237882
mSafety2      -0.30638    0.128949    -0.13374     0.08091   -0.041721   -0.359409   -0.080660
                mStop2    mSafety1    mSafety2
asc_metro     0.279746     0.06253    -0.14577
asc_others    0.168536     0.06173    -0.08076
bAT          -0.045121     0.27618     0.11924
bWT           0.004790    -0.13292    -0.13542
bTT           0.221809    -0.19677    -0.08385
bTC          -0.044872     0.24795    -0.02795
bCro          0.138201     0.06543    -0.05780
bWaitEnv1     0.219828    -0.34297    -0.15453
bWaitEnv2     0.001179    -0.15349     0.16997
bStop1       -0.217208    -0.34235     0.23067
bStop2       -0.490153     0.31000     0.33505
bSafety1      0.284757    -0.27832    -0.17225
bSafety2     -0.005277     0.01067    -0.47442
mAT          -0.385709     0.39603     0.31373
mWT          -0.125428     0.21272    -0.30638
mTT           0.005350    -0.46596     0.12895
mTC           0.045616    -0.01756    -0.13374
mCro         -0.099331    -0.29002     0.08091
mWaitEnv1    -0.132465     0.10244    -0.04172
mWaitEnv2    -0.074700     0.07670    -0.35941
mStop1        0.350429    -0.23788    -0.08066
mStop2        1.000000    -0.23026    -0.30744
mSafety1     -0.230255     1.00000     0.47503
mSafety2     -0.307444     0.47503     1.00000

Robust correlation matrix:
             asc_metro  asc_others         bAT         bWT         bTT         bTC        bCro
asc_metro      1.00000     0.69645     0.31408     0.02268     0.28584     0.23599     0.35869
asc_others     0.69645     1.00000     0.50006     0.30566     0.37561     0.27998     0.20543
bAT            0.31408     0.50006     1.00000     0.55265    -0.47081     0.58843    -0.42983
bWT            0.02268     0.30566     0.55265     1.00000    -0.34740     0.19438    -0.54181
bTT            0.28584     0.37561    -0.47081    -0.34740     1.00000    -0.51526     0.58314
bTC            0.23599     0.27998     0.58843     0.19438    -0.51526     1.00000    -0.47739
bCro           0.35869     0.20543    -0.42983    -0.54181     0.58314    -0.47739     1.00000
bWaitEnv1     -0.47696    -0.41076    -0.39657    -0.25309     0.05710    -0.16213    -0.27790
bWaitEnv2     -0.11029    -0.19539    -0.36702    -0.39448     0.37684    -0.39553     0.05552
bStop1        -0.56891    -0.39554    -0.39191    -0.15349    -0.05066    -0.08308    -0.28329
bStop2         0.18811     0.23595     0.28420    -0.14243    -0.23984     0.45652    -0.02358
bSafety1       0.11042     0.09241     0.01098     0.05552    -0.11477     0.49102    -0.39875
bSafety2       0.31449     0.20659    -0.10503    -0.11330     0.11451     0.20395     0.18115
mAT           -0.10259     0.08326     0.10970    -0.17184     0.04290     0.03044     0.01749
mWT            0.23896     0.12737     0.01066    -0.03787     0.07322    -0.06413     0.31746
mTT           -0.63193    -0.18612    -0.24158     0.08047     0.17670    -0.29951    -0.17289
mTC           -0.15747     0.25827     0.32510     0.07530    -0.13970     0.47360    -0.31276
mCro          -0.77350    -0.38469    -0.08634     0.31294    -0.31548     0.02195    -0.57067
mWaitEnv1      0.50518     0.21443    -0.05829    -0.30109     0.25629     0.06919     0.30191
mWaitEnv2      0.19702     0.18958     0.02881     0.26996     0.14378    -0.40326     0.28462
mStop1        -0.07086     0.04430     0.15877     0.35427    -0.10712    -0.19831     0.13437
mStop2         0.14859    -0.08670    -0.03576     0.02501     0.05989    -0.06535    -0.06308
mSafety1       0.38657     0.22981     0.19094    -0.40673     0.10160     0.23028     0.32243
mSafety2       0.07687     0.02379     0.02137    -0.29668     0.06512     0.01244     0.27216
             bWaitEnv1   bWaitEnv2      bStop1      bStop2    bSafety1    bSafety2         mAT
asc_metro     -0.47696    -0.11029    -0.56891     0.18811     0.11042      0.3145    -0.10259
asc_others    -0.41076    -0.19539    -0.39554     0.23595     0.09241      0.2066     0.08326
bAT           -0.39657    -0.36702    -0.39191     0.28420     0.01098     -0.1050     0.10970
bWT           -0.25309    -0.39448    -0.15349    -0.14243     0.05552     -0.1133    -0.17184
bTT            0.05710     0.37684    -0.05066    -0.23984    -0.11477      0.1145     0.04290
bTC           -0.16213    -0.39553    -0.08308     0.45652     0.49102      0.2039     0.03044
bCro          -0.27790     0.05552    -0.28329    -0.02358    -0.39875      0.1812     0.01749
bWaitEnv1      1.00000     0.59267     0.66212    -0.11526     0.18107     -0.2847     0.11591
bWaitEnv2      0.59267     1.00000     0.33108    -0.13646     0.01252     -0.3544     0.14346
bStop1         0.66212     0.33108     1.00000     0.13380     0.11233     -0.3673     0.05887
bStop2        -0.11526    -0.13646     0.13380     1.00000     0.14849      0.1010     0.44383
bSafety1       0.18107     0.01252     0.11233     0.14849     1.00000      0.4407    -0.13032
bSafety2      -0.28470    -0.35435    -0.36733     0.10097     0.44065      1.0000    -0.15101
mAT            0.11591     0.14346     0.05887     0.44383    -0.13032     -0.1510     1.00000
mWT           -0.34517    -0.03742    -0.33966    -0.11079    -0.28185      0.2571    -0.23292
mTT            0.48205     0.15197     0.56317    -0.26442    -0.19701     -0.3957     0.03787
mTC            0.11721    -0.02990     0.09599     0.32596     0.45394      0.1157     0.18705
mCro           0.47510    -0.04307     0.63712    -0.13602     0.13814     -0.2843    -0.10838
mWaitEnv1     -0.30706     0.10266    -0.41022     0.17391     0.20496      0.4549    -0.05074
mWaitEnv2     -0.50317    -0.19113    -0.49034    -0.21347    -0.22763      0.2326    -0.23828
mStop1        -0.33884    -0.27884    -0.26723    -0.39525    -0.32662     -0.1641    -0.30140
mStop2         0.19849     0.07581    -0.10333    -0.40484     0.04969     -0.1124    -0.19921
mSafety1      -0.29961     0.02106    -0.39565     0.43564    -0.05909      0.1051     0.42187
mSafety2      -0.18192    -0.01626    -0.02085     0.39326    -0.17608     -0.2806     0.49169
                   mWT         mTT         mTC        mCro   mWaitEnv1   mWaitEnv2      mStop1
asc_metro      0.23896    -0.63193    -0.15747    -0.77350     0.50518     0.19702    -0.07086
asc_others     0.12737    -0.18612     0.25827    -0.38469     0.21443     0.18958     0.04430
bAT            0.01066    -0.24158     0.32510    -0.08634    -0.05829     0.02881     0.15877
bWT           -0.03787     0.08047     0.07530     0.31294    -0.30109     0.26996     0.35427
bTT            0.07322     0.17670    -0.13970    -0.31548     0.25629     0.14378    -0.10712
bTC           -0.06413    -0.29951     0.47360     0.02195     0.06919    -0.40326    -0.19831
bCro           0.31746    -0.17289    -0.31276    -0.57067     0.30191     0.28462     0.13437
bWaitEnv1     -0.34517     0.48205     0.11721     0.47510    -0.30706    -0.50317    -0.33884
bWaitEnv2     -0.03742     0.15197    -0.02990    -0.04307     0.10266    -0.19113    -0.27884
bStop1        -0.33966     0.56317     0.09599     0.63712    -0.41022    -0.49034    -0.26723
bStop2        -0.11079    -0.26442     0.32596    -0.13602     0.17391    -0.21347    -0.39525
bSafety1      -0.28185    -0.19701     0.45394     0.13814     0.20496    -0.22763    -0.32662
bSafety2       0.25707    -0.39574     0.11572    -0.28429     0.45489     0.23256    -0.16414
mAT           -0.23292     0.03787     0.18705    -0.10838    -0.05074    -0.23828    -0.30140
mWT            1.00000    -0.43378    -0.27092    -0.43904     0.11461     0.43858     0.17551
mTT           -0.43378     1.00000    -0.01478     0.71138    -0.62412    -0.34197     0.17384
mTC           -0.27092    -0.01478     1.00000     0.19649     0.10955    -0.21921    -0.28749
mCro          -0.43904     0.71138     0.19649     1.00000    -0.59504    -0.33071     0.10989
mWaitEnv1      0.11461    -0.62412     0.10955    -0.59504     1.00000     0.36041    -0.39709
mWaitEnv2      0.43858    -0.34197    -0.21921    -0.33071     0.36041     1.00000     0.23455
mStop1         0.17551     0.17384    -0.28749     0.10989    -0.39709     0.23455     1.00000
mStop2        -0.13897    -0.08418    -0.14323    -0.09261    -0.02632    -0.09407     0.10601
mSafety1       0.22368    -0.55680     0.14495    -0.67578     0.49011     0.05561    -0.34016
mSafety2      -0.27469    -0.06190    -0.08089    -0.22840     0.07342    -0.22393     0.03349
                mStop2    mSafety1    mSafety2
asc_metro      0.14859     0.38657     0.07687
asc_others    -0.08670     0.22981     0.02379
bAT           -0.03576     0.19094     0.02137
bWT            0.02501    -0.40673    -0.29668
bTT            0.05989     0.10160     0.06512
bTC           -0.06535     0.23028     0.01244
bCro          -0.06308     0.32243     0.27216
bWaitEnv1      0.19849    -0.29961    -0.18192
bWaitEnv2      0.07581     0.02106    -0.01626
bStop1        -0.10333    -0.39565    -0.02085
bStop2        -0.40484     0.43564     0.39326
bSafety1       0.04969    -0.05909    -0.17608
bSafety2      -0.11243     0.10511    -0.28062
mAT           -0.19921     0.42187     0.49169
mWT           -0.13897     0.22368    -0.27469
mTT           -0.08418    -0.55680    -0.06190
mTC           -0.14323     0.14495    -0.08089
mCro          -0.09261    -0.67578    -0.22840
mWaitEnv1     -0.02632     0.49011     0.07342
mWaitEnv2     -0.09407     0.05561    -0.22393
mStop1         0.10601    -0.34016     0.03349
mStop2         1.00000    -0.11077    -0.11200
mSafety1      -0.11077     1.00000     0.55563
mSafety2      -0.11200     0.55563     1.00000

 20 most extreme outliers in terms of lowest average per choice prediction:
  ID Avg prob per choice
  35          0.06510793
  93          0.06510793
 138          0.06510793
 159          0.06510793
 250          0.06510793
 259          0.06510793
 301          0.06510793
 365          0.06510793
 378          0.06510793
 470          0.06510793
 536          0.06510793
 652          0.06510793
 701          0.06510793
 719          0.06510793
 748          0.06510793
 770          0.06510793
 778          0.06510793
 801          0.06510793
 862          0.06510793
 122          0.06722612

Changes in parameter estimates from starting values:
               Initial    Estimate  Difference
asc_bus          0.000    0.000000    0.000000
asc_metro        0.000    0.904553    0.904553
asc_others       0.000   -0.512124   -0.512124
bAT              0.000    0.016689    0.016689
bWT              0.000   -0.019274   -0.019274
bTT              0.000   -0.009913   -0.009913
bTC              0.000    0.081382    0.081382
bCro             0.000   -0.196021   -0.196021
bWaitEnv1        0.000    0.073598    0.073598
bWaitEnv2        0.000    1.470084    1.470084
bStop1           0.000    0.416560    0.416560
bStop2           0.000    0.243392    0.243392
bSafety1         0.000    0.225603    0.225603
bSafety2         0.000   -0.646423   -0.646423
mAT              0.000   -0.053787   -0.053787
mWT              0.000    0.047009    0.047009
mTT              0.000   -0.002074   -0.002074
mTC              0.000    0.021572    0.021572
mCro             0.000    0.287915    0.287915
mWaitEnv1        0.000    0.737620    0.737620
mWaitEnv2        0.000   -0.494765   -0.494765
mStop1           0.000   -0.262150   -0.262150
mStop2           0.000    0.225027    0.225027
mSafety1         0.000   -0.101455   -0.101455
mSafety2         0.000   -0.470721   -0.470721

Settings and functions used in model definition:

apollo_control
--------------
                       Value                                                                                                        
modelName              "gs_mnl_01"                                                                                                  
modelDescr             "Simple MNL on Gender safety data"                                                                           
indivID                "id"                                                                                                         
